-1.869005307116517400e+01,-1.745210590180714405e+01,-1.732084923949448196e+01,-1.735976499193339961e+01,-1.643225221799064073e+01,-1.633866384671132721e+01,-1.556148563427942655e+01,-1.629406234388799390e+01,-1.551351109922384630e+01,-1.609442721047683378e+01,-1.574699710263437247e+01,-1.557491159121991764e+01,-1.522935570569115882e+01,-1.401763913209805246e+01,-1.218866508157882755e+01,-1.115864214977682600e+01,-1.230695365287572329e+01,-1.100472920504433816e+01,-1.083952816911808270e+01,-1.264385520334970181e+01,-1.457065462767990738e+01,-1.453172019282410155e+01,-1.411930591236496824e+01,-1.396537335433961857e+01,-1.597420302737480213e+01,-1.457801371970184867e+01,-1.234015511818724775e+01,-1.278443849555250722e+01,-1.252435573310639683e+01,-1.378780551946029398e+01,-1.347751114009545326e+01,-1.413143935981027077e+01,-1.500295470811377108e+01,-1.754362617528820323e+01,-2.003728615350136977e+01,-2.086277479289398329e+01,-2.139109067710693779e+01,-2.066810103314428915e+01,-2.055162848161043598e+01,-1.905143414079152464e+01,-1.750731042937216131e+01,-1.737081358260427066e+01,-1.839244642477066449e+01,-1.821348748775076132e+01,-1.697584235186940660e+01,-1.652825631981433219e+01,-1.591902488256178572e+01,-1.619361703348328518e+01,-1.509677911195072575e+01,-1.399129421189056544e+01,-1.251040889022972458e+01,-9.879812908379085101e+00,-1.058564388098212383e+01,-1.108434081151848716e+01,-1.342032776925773696e+01,-1.407962079516468634e+01,-1.198756861421560238e+01,-1.161864698871957735e+01,-1.193685645493538239e+01,-9.766059027628450906e+00,-8.106935684709743128e+00,-7.914930536745689693e+00,-6.764232010668754569e+00,-6.232555598476401393e+00,-6.706805991710783843e+00,-6.576851981776193234e+00,-7.555476875870616560e+00,-8.149766581660738751e+00,-7.005383691830933124e+00,-7.928563442064900713e+00,-8.281138038372398924e+00,-8.857277035910611218e+00,-7.918610089164219268e+00,-6.268009018892500173e+00,-5.871502052651687897e+00,-5.733326470535229369e+00,-6.452507538244365293e+00,-5.792243773073556312e+00,-6.836467134943437607e+00,-5.776123406190831311e+00,-5.495277453437073412e+00,-4.671281242961220492e+00,-4.914669059896028536e+00,-4.408192047930277191e+00,-4.234070942192773579e+00,-4.325676245011624843e+00,-4.031378457373297586e+00,-3.820290014211980001e+00,-3.496671199936308927e+00,-5.118399215953521875e+00,-6.422374970872675171e+00,-7.498884201031973618e+00,-8.533915107116280652e+00,-8.861681457787780047e+00,-8.302159520031187512e+00,-7.764370556993102745e+00,-7.384215609948392434e+00,-7.321739583077136793e+00,-6.826341749265798953e+00,-6.466072850172164266e+00,-6.562617811814742907e+00,-7.062360938651268683e+00,-6.061260161065286312e+00,-6.133973694505341356e+00,-5.973239512589218592e+00,-5.272910671510209646e+00,-5.626640663291339273e+00,-6.110240518952462452e+00,-6.631130069218505341e+00,-6.214998896737629508e+00,-5.332358370465799524e+00,-3.924630738562288279e+00,-4.470546221019437994e+00,-2.697254303803976683e+00,-2.734290782891836802e+00,-4.174156554778843287e+00,-4.259136383337351894e+00,-3.892191483134981755e+00,-3.359704811890322329e+00,-3.078740817439629573e+00,-3.090549689485186491e+00,-2.915154210811913504e+00,-3.523407986295115091e+00,-3.905710373152572856e+00,-4.270794752768919622e+00,-6.537508680859423826e+00,-7.099005098619551646e+00,-6.447161356135680421e+00,-7.235985590062665729e+00,-7.099653253086620097e+00,-7.172497788642465899e+00,-5.684778577413900358e+00,-5.176669141511192507e+00,-5.319713458390217475e+00,-6.288776819525939921e+00,-6.805813030559711763e+00,-7.387663986900427915e+00,-6.420988098084031037e+00,-6.078365246075573936e+00,-7.793127878480724746e+00,-9.459696025744419146e+00,-9.121999511708621000e+00,-9.098129998581210742e+00,-8.889657544692846969e+00,-9.061638755485102337e+00,-9.928148077900551982e+00,-9.399267985828826610e+00,-8.977740536887852230e+00,-7.692039810760641139e+00,-6.770987821663493555e+00,-7.157675677475688225e+00,-6.812767318368226910e+00,-6.601766374156330386e+00,-6.102554540729591359e+00,-5.618231198731618470e+00,-5.865798432912819216e+00,-5.021871709039166909e+00,-5.141448607059496467e+00,-4.462442046633970705e+00,-4.248134539040445468e+00,-4.450729647507086995e+00,-3.913822828082080818e+00,-4.237898534954990026e+00,-3.413901952066386691e+00,-3.057319068712378574e+00,-3.948402922889731048e+00,-5.306580151444904914e+00,-6.129440771150232337e+00,-5.766996728726471844e+00,-5.721409051741219720e+00,-4.391100687851189122e+00,-4.288696107747350439e+00,-3.547032270366996087e+00,-3.403150664546580551e+00,-2.918170570787490092e+00,-1.857298746327807226e+00,-4.511021675643466233e-01,-2.735587970800130164e-01,-1.865149283788206658e-01,-5.590888525073592907e-01,-8.067532084709793105e-01,3.909660299271563999e-01,-1.349901955431377920e-01,-2.331555125737938106e+00,-2.485382765709304831e+00,-1.180440354948445902e+00,-3.663871334327993556e-02,5.936065719731554724e-01,3.050745271265149494e+00,4.195856431551513666e+00,5.134135501266840151e+00,4.842752270232930201e+00,3.748532447494269171e+00,2.345169394541275487e+00,1.184802837167763689e+00,-3.926980568431052143e-01,-1.227212544432942032e+00,-3.141612034875883808e+00,-2.464183623163560544e+00,-3.493864605357015929e+00,-3.867136785844960567e+00,-3.553887479279064454e+00,-3.575360398735367706e+00,-4.165950745322612114e+00,-5.040964933438927709e+00,-4.736540760288382224e+00,-4.569032137484725808e+00,-5.341541202382288134e+00,-6.232606774938063587e+00,-7.473209041864298463e+00,-8.098467397381584831e+00,-7.774275308946322127e+00,-8.435038234563773329e+00,-7.193290401789190547e+00,-6.064689850681427963e+00,-6.617188623773438749e+00,-7.019449045299926304e+00,-6.344381709147834947e+00,-6.456895045686152912e+00,-6.034221066138563572e+00,-6.185806768076178130e+00,-5.725532872129399209e+00,-5.779970289960304264e+00,-4.680593588583736420e+00,-4.861585158571398502e+00,-4.975099562941595721e+00,-4.744778213885103568e+00,-3.416086478784009284e+00,-4.264670673749231256e+00,-4.063027469737967579e+00,-4.970588483973995331e+00,-4.280123850663067664e+00,-2.342394487408830273e+00,-2.919538050570667398e+00,-2.595967790835715938e+00,-3.066176705801340940e+00,-3.891995653360679430e+00,-3.544602930462593449e+00,-3.249147933935750743e+00,-3.405454595561195230e+00,-3.175233012350442419e+00,-3.652804901953504046e+00,-3.687151334615818232e+00,-4.241645735692161523e+00,-4.476180717151083677e+00,-2.702824666217017668e+00,-8.310679389481990809e-01,-4.342475681978912871e-01,-8.941287674035741651e-01,3.931572200852110344e-01,1.196902281440470173e+00,9.712001231493372355e-01,1.634553428182119683e+00,2.829979184732359876e+00,1.865454528319573813e+00,1.572641665881857831e+00,1.043794538351532575e+00,7.743924168239927353e-01,1.031657661914536117e+00,2.158880610104469966e+00,2.066899776899574714e+00,2.270918713937335021e+00,2.428665288540623912e+00,2.525753738399080017e+00,1.687668828855085401e+00,1.451404861665291035e+00,2.733676512836992756e-01,3.474209708358114712e-01,7.846416293738295300e-01,-1.930925536944476731e-02,-2.146726155247212775e-01,-1.114349232120188216e+00,-2.259462870008331681e+00,-3.206050078429192318e+00,-1.967623389747053197e+00,-2.017129519563632734e+00,-1.080609718812565623e+00,-1.124805281576022553e+00,-1.235430092629587806e+00,-8.398671007504118213e-01,-7.111394160957257293e-01,-1.681497880128082434e+00,-1.920487087354926459e+00,-1.318204825769293986e+00,-2.230266339626397532e+00,-3.485257005866731372e+00,-3.457789741293631369e+00,-2.676901957438329038e+00,-5.672870807301140239e-01,1.567342599805167325e+00,2.205257440930046720e+00,2.471418959411666005e+00,1.681372240071813851e+00,1.956392395801470174e+00,1.406407447548534639e+00,-7.092300404322575691e-01,-1.688031099351902098e+00,-2.668616798395511580e+00,-1.870537563156734473e+00,-1.840815576586883662e+00,5.927079659874434636e-01
1.599537998000937478e+01,1.573074017626624688e+01,1.586130989414769488e+01,1.583274647544015856e+01,1.718599889555983395e+01,1.903410563751663886e+01,1.976504388459342110e+01,1.983028300653577602e+01,2.020754470397611513e+01,1.923949776709228843e+01,1.872382167501345407e+01,1.839619541218866416e+01,1.870765715690246367e+01,1.904978018905633519e+01,1.859897613449851406e+01,1.666020186032675809e+01,1.485309816608165256e+01,1.447733712145839036e+01,1.482806097600057882e+01,1.477747312283711523e+01,1.465692819556950255e+01,1.508894467289849217e+01,1.450434777307313183e+01,1.434652361958504407e+01,1.483054844444556863e+01,1.586720357652173341e+01,1.633562908989479467e+01,1.487272589099747400e+01,1.402230870413377950e+01,1.308189342858370985e+01,1.202959888891119533e+01,1.163803977765518560e+01,1.189678055310984384e+01,1.245306209450699164e+01,1.156647451760913903e+01,1.230451142787142871e+01,1.043244241337755973e+01,1.136299774324240452e+01,1.229398346140670029e+01,1.213478028922759577e+01,1.149710173317059869e+01,1.149629971355454749e+01,1.111530736179862267e+01,1.135781977252590025e+01,1.220343742504322471e+01,1.229621607831952801e+01,1.395873416562921676e+01,1.410281967680980131e+01,1.482940975201582390e+01,1.625233992080191925e+01,1.470899489730348009e+01,1.279406640009747065e+01,1.320670569859405141e+01,1.380482138859216157e+01,1.529688604176847910e+01,1.628362055562216426e+01,1.682937869780501927e+01,1.709499698878710561e+01,1.807688361066085037e+01,1.943179691002348619e+01,2.175319019265864640e+01,2.549665702508191956e+01,2.650036893502691626e+01,2.594906093552574333e+01,2.577128912815161499e+01,2.467941956886705768e+01,2.372289973834093146e+01,2.332217537315827016e+01,2.203342521721771519e+01,2.241591952249438080e+01,2.266325561357108853e+01,2.182361593929111265e+01,2.040641954360477328e+01,1.932450607851945534e+01,1.885978392861067121e+01,1.846956757064675969e+01,1.721994528921869971e+01,1.719676300929798884e+01,1.694875066474961756e+01,1.487524144248513380e+01,1.547153928117761446e+01,1.698549795406797003e+01,1.742281715195906244e+01,1.832727400819367602e+01,1.926528364011079830e+01,1.924567531737811521e+01,1.770335225061842621e+01,1.646872755679342148e+01,1.604366418114244652e+01,1.650470846358797417e+01,1.626576375989960255e+01,1.515945411593445868e+01,1.594632854037430114e+01,1.635218433594649312e+01,1.665835492124012873e+01,1.587247712116918485e+01,1.619514230129548338e+01,1.617653440448963664e+01,1.680093649009138090e+01,1.664013936256151638e+01,1.699809667188817031e+01,1.660485856770917934e+01,1.567880219428595368e+01,1.570658677010503190e+01,1.577592021234530684e+01,1.511348548740068054e+01,1.343197407744268546e+01,1.310009988744903175e+01,1.454934695453109939e+01,1.384454202831202707e+01,1.460087077099329633e+01,1.479081932511157405e+01,1.296444657560967606e+01,1.245984238016794698e+01,1.254746334666530849e+01,1.270554091894939397e+01,1.212396728771411780e+01,1.141849874113650820e+01,1.057302270798271238e+01,1.022293774197747673e+01,9.952909571706699765e+00,1.092295747595632882e+01,1.319336846648019090e+01,1.347715459819564110e+01,1.367416160941141534e+01,1.368879305186387541e+01,1.440631108633448321e+01,1.371413008281742307e+01,1.413721354017854814e+01,1.290271326635810389e+01,1.325983483020962694e+01,1.348409069795910931e+01,1.336392615156079344e+01,1.169582507907556668e+01,9.734096138000355225e+00,1.062392010740783199e+01,9.978934892134962098e+00,8.844735445997178758e+00,9.544561263729830713e+00,9.736954028859166499e+00,9.073855092736842209e+00,8.166479353855466528e+00,8.305140538656555549e+00,8.507128774608560207e+00,9.651652785143646440e+00,9.946831395632724337e+00,1.040309065443022085e+01,1.118285274846579114e+01,1.200242810649577052e+01,1.066402760768207969e+01,1.036354563749890723e+01,1.064360483550127334e+01,1.213585731871954287e+01,1.311777434674924514e+01,1.390857426033885424e+01,1.520277363733269027e+01,1.574038167303114122e+01,1.600156965952072952e+01,1.631780855220969073e+01,1.660442173059380266e+01,1.458971220524868961e+01,1.462062296071807665e+01,1.577621861637852696e+01,1.767433255550178117e+01,1.833708834429802792e+01,1.986323929465913096e+01,1.951199334957354381e+01,1.730735887586760313e+01,1.679616265773407591e+01,1.587046195524372472e+01,1.436664591328853113e+01,1.563090400290358595e+01,1.614675936565083703e+01,1.631341301468482641e+01,1.551525173423532600e+01,1.365836282695276438e+01,1.209425819239494970e+01,1.308789161366520837e+01,1.262496861769278667e+01,1.408463057356545889e+01,1.608174846709284367e+01,1.716443261371435014e+01,1.613525490758086889e+01,1.550985738551178805e+01,1.551419662098080110e+01,1.614968723194656519e+01,1.637250707058971599e+01,1.576150300304571239e+01,1.502228729102452753e+01,1.592355421894147227e+01,1.685788930631798621e+01,1.796115570202964662e+01,1.845340335610978499e+01,1.756707317196172724e+01,1.628382847305196179e+01,1.674391097099087489e+01,1.760634311960359000e+01,1.719042989863341120e+01,1.813075027910928583e+01,1.879931465684637004e+01,1.838439761774158399e+01,1.854451661322255163e+01,1.427130473317464876e+01,1.359342031259013162e+01,1.300791528403058273e+01,1.191751551788012975e+01,1.249595094011050023e+01,1.241959441230348915e+01,1.144917521800409688e+01,1.140047338043341618e+01,1.135702290721855690e+01,1.055281501567754709e+01,8.850007926368798294e+00,8.831733285914472376e+00,8.805577273656560067e+00,9.111248909261700391e+00,8.896827598109986468e+00,1.048209917753096043e+01,1.154191504260479206e+01,1.244212678588615084e+01,1.584013347849219677e+01,1.862600173956236560e+01,2.046452912522184064e+01,2.055444578839991365e+01,2.389999073042431732e+01,2.309402578226513825e+01,2.217763919891968527e+01,2.199161125023962526e+01,2.176391124159167845e+01,2.047070783635118119e+01,2.214453777843232274e+01,2.400258953897665393e+01,2.338239617063792153e+01,2.218613729836287973e+01,2.373652416723617620e+01,2.301556520476547263e+01,2.279875644588267036e+01,2.213226629684834990e+01,2.109313999311079613e+01,2.020780182893159349e+01,2.040022339629622294e+01,2.116814113878107406e+01,2.034902623523560905e+01,1.906379456033780073e+01,1.892907237648968177e+01,1.903805681512643488e+01,1.802597978071374740e+01,1.496439345838252954e+01,1.476444070686353349e+01,1.449764880010182644e+01,1.348538554032163006e+01,1.413963203164555971e+01,1.467761125545170486e+01,1.392005395756027930e+01,1.136135613569893721e+01,9.661970744462493599e+00,9.375858684523365127e+00,9.685108586086304427e+00,1.021497952106104279e+01,9.607408910964236881e+00,1.066701435812919208e+01,1.063143178552296497e+01,1.081222377694225933e+01,1.111258934599385917e+01,1.133384621703723738e+01,1.098392837936621547e+01,1.104546118810477218e+01,1.136020229410692828e+01,1.240647183308334789e+01,1.370619741770074285e+01,1.217347006577386104e+01,1.325231408524659038e+01,1.350826972077775068e+01,1.485359309205832901e+01,1.522024662125019923e+01,1.173180526264563106e+01,9.113781269299328969e+00,8.486323222932544041e+00,9.332431254414959909e+00,9.790775670075849035e+00,9.711325539971817022e+00,8.412267013073842392e+00,7.969097234440010169e+00,3.586221280591019411e+00,3.470557597163870689e+00,3.636476294459819236e+00,3.518804366034082864e+00,3.479977476509463763e+00,2.235712598367064263e+00,4.787870369354105815e-01,7.767505695389073095e-01,1.155543778932767163e+00,2.299192696065318398e+00,2.692783072923024879e+00,1.793541936012728488e+00,2.990296295164154294e+00,3.707699193147118599e+00,3.583845895397989700e+00,6.095358434434266393e+00,7.657978760396322748e+00,8.042480406413313077e+00
-1.751216175414337783e+01,-1.785751233328953447e+01,-1.786618645843325837e+01,-1.768463367392075725e+01,-1.707765283113181454e+01,-1.744126390460248288e+01,-1.724500399032037024e+01,-1.650212336584044692e+01,-1.655093704154903023e+01,-1.728218494447135001e+01,-1.966358187741129981e+01,-2.131469425951313923e+01,-2.213268317648088157e+01,-2.277358866341964116e+01,-2.544664824875957265e+01,-2.293097598171979712e+01,-2.272727367424340983e+01,-2.467946196714363793e+01,-2.743221888043206036e+01,-3.033991630432001330e+01,-3.322805099735938228e+01,-3.493703500533644757e+01,-3.619590076258510436e+01,-3.545181788236759957e+01,-3.554299221725180047e+01,-3.427572511682760137e+01,-3.355458633124309387e+01,-3.373059215837521663e+01,-3.398024814341306410e+01,-3.345371111382802098e+01,-3.286056048476746128e+01,-3.276306373527467031e+01,-3.207683928820267738e+01,-3.249103352826231372e+01,-3.173827662356535839e+01,-3.047190197936618716e+01,-2.860935246736696058e+01,-2.483833686243603012e+01,-2.212619131122363214e+01,-2.268509925483519396e+01,-2.501993837412677024e+01,-2.481177720700500799e+01,-2.479984632193182037e+01,-2.404113313524431206e+01,-2.635090725065990114e+01,-3.554341937965143927e+01,-3.966670404654551163e+01,-4.307508573663258034e+01,-4.346232873601084634e+01,-4.317836107624388120e+01,-4.172067490380828048e+01,-4.017428346231679370e+01,-3.927468462553608219e+01,-4.057637607373713706e+01,-4.162075090473265959e+01,-3.952217256091934416e+01,-3.839222291946256149e+01,-3.628198671357501581e+01,-3.535099511695447916e+01,-3.237801448274688454e+01,-3.183687938116499794e+01,-2.978218749548814515e+01,-3.073755240165287361e+01,-3.301352276949177167e+01,-3.680924305290633924e+01,-3.586729267754605388e+01,-3.853595188698916729e+01,-4.212899492000025958e+01,-4.443487154278609097e+01,-4.728143157423715337e+01,-4.850655507274529299e+01,-5.062832210026242308e+01,-5.000182126898461377e+01,-4.741498044444347926e+01,-4.613400779676758390e+01,-4.431368143877476484e+01,-4.327822317878151637e+01,-4.104338488219234193e+01,-3.964853503723601591e+01,-3.839440824473547309e+01,-3.772736970074582530e+01,-3.727722989846935775e+01,-3.694761510549253813e+01,-3.575474909191017048e+01,-3.387878495951504476e+01,-3.398659525325511055e+01,-3.292782994675237518e+01,-3.332220971367577533e+01,-3.311770807804785477e+01,-3.099734423445303122e+01,-2.886879984641348784e+01,-2.915409018109696859e+01,-2.833854542242009700e+01,-2.647900908502790074e+01,-2.647966826181160727e+01,-2.683977534959371170e+01,-2.716100164761192914e+01,-2.897914618398952769e+01,-2.833651206252565657e+01,-2.754896134095952220e+01,-2.746004085176175380e+01,-2.569813913241049619e+01,-2.392368838203177006e+01,-2.156935207697153700e+01,-2.051844698743675366e+01,-2.132444202473973149e+01,-2.204807919844567721e+01,-2.319385065121455369e+01,-2.505336039630629230e+01,-2.840770516165806825e+01,-2.948027470739739186e+01,-2.773240684428829539e+01,-2.786290848163961087e+01,-2.700074919199808932e+01,-2.735669401799310307e+01,-2.701316965734562459e+01,-2.848867238849901895e+01,-2.803159268209203958e+01,-2.798906397501222898e+01,-2.772761599323327886e+01,-2.751306283223405558e+01,-2.712093237274398305e+01,-2.726591699884306408e+01,-2.712234560413271822e+01,-2.723677514838502844e+01,-2.852668059215066876e+01,-2.894937441146016965e+01,-2.971415542476299976e+01,-2.978010359838099319e+01,-3.051729968153398431e+01,-3.256515477505767109e+01,-3.279671558127342479e+01,-3.428236856237408858e+01,-3.461516384342787944e+01,-3.503902121642457246e+01,-3.286147936151160565e+01,-3.267127421217966088e+01,-3.263953599605221001e+01,-3.161290875836689551e+01,-3.147150697648035944e+01,-3.188285343406153416e+01,-2.984382943195325311e+01,-2.800491388579001395e+01,-2.750134366947050779e+01,-2.795445328259686590e+01,-2.763125389259869991e+01,-2.592470531201616168e+01,-2.505322435950529680e+01,-2.457079582854234445e+01,-2.396927127536685376e+01,-2.341145842789574871e+01,-2.249891590734365110e+01,-2.177514969734767902e+01,-2.179643383596921780e+01,-2.195748416384178725e+01,-2.167960727635850660e+01,-2.013808651503913083e+01,-1.900845253712235206e+01,-1.831257396383684011e+01,-1.614862593932354784e+01,-1.474734871140402959e+01,-1.390637952079891093e+01,-1.395544748288769021e+01,-1.380221862498073726e+01,-1.281153036704752779e+01,-1.304047987890882432e+01,-1.410229425877777665e+01,-1.473812419587946287e+01,-1.483480239408789458e+01,-1.419346033693621401e+01,-1.293668756345500626e+01,-1.159728964368530235e+01,-1.100915677379965985e+01,-1.069869697919333262e+01,-1.013471633490609314e+01,-1.154545713079042990e+01,-1.339223801346898313e+01,-1.218090284244981625e+01,-1.112842469031558146e+01,-9.748080614838510627e+00,-9.548303590664442453e+00,-7.445860132738249426e+00,-7.350742235903174659e+00,-7.150278634664366528e+00,-7.130890491335848402e+00,-7.881682729584040814e+00,-7.988475539716217710e+00,-7.018463714499426409e+00,-7.727653801290107261e+00,-8.568865226399232427e+00,-8.100871323767888654e+00,-8.920437785952282539e+00,-9.023888511620313579e+00,-9.063629012663962925e+00,-8.334885062955507351e+00,-8.887608824681338504e+00,-1.003712329445380647e+01,-1.191099736942777554e+01,-1.688407987597994975e+01,-1.860847788123033553e+01,-1.761043327275728743e+01,-1.894801809163660877e+01,-1.873292884389503854e+01,-1.626130447442028881e+01,-1.615861875405435910e+01,-1.531625018837018182e+01,-1.373888590551770150e+01,-1.243928773979083857e+01,-1.030122895226078228e+01,-8.791859566651510249e+00,-8.465059445603738908e+00,-9.381692699101453314e+00,-1.017996940303022413e+01,-1.034425878075547800e+01,-9.443754351474366260e+00,-1.003053101421156335e+01,-1.305924111438045010e+01,-1.334585803975715734e+01,-1.376145527678695402e+01,-1.313586801906070356e+01,-1.250019026510364206e+01,-1.299676970176525792e+01,-1.048333934308736559e+01,-9.195309717271726413e+00,-8.577966777901121276e+00,-7.447460362549596091e+00,-7.197964208057209490e+00,-7.467897284261820090e+00,-6.497146496158634044e+00,-5.407273053210911229e+00,-3.047923013820212912e+00,-2.064447821075880540e+00,-9.410153502981009055e-01,-2.537426474473263305e-01,1.270675668482556864e+00,3.627617249337236505e+00,5.037063496545929553e+00,5.664713030601137511e+00,6.213449944148980997e+00,7.463911469600723159e+00,7.511069491068560033e+00,6.675419793720123174e+00,5.366048677585918192e+00,2.878756645084439736e+00,3.391575610607532987e+00,3.908947891006017805e+00,3.268358392018699821e+00,1.747456747539584798e+00,1.588586617205081097e+00,2.971041734496727926e+00,4.113740195566040647e+00,4.066854165324488513e+00,3.714487186285303721e+00,3.507542582937721587e+00,4.116420714990356444e+00,2.808446958438515662e+00,-1.218101246921153402e+00,-1.603617169579960144e+00,-2.751464591022926842e-01,4.654588341392872919e-01,2.341414956518503399e+00,2.442907156730524498e+00,1.775531952400812186e+00,2.640883747524406910e+00,2.199925325355219563e+00,2.470157005976356235e+00,3.361603441480980781e+00,5.397427325582655477e+00,6.976814875557079354e+00,8.285763431720219785e+00,8.770791952487769549e+00,7.916918915928174982e+00,7.288794749855535215e+00,8.101317696453646633e+00,6.310623594017013005e+00,5.962642315586698771e+00,4.628788274206363518e+00,4.302423757754594291e+00,2.652079549894789334e+00,1.166905932621732811e+00,-2.939905680764557938e-01,1.050310221158819113e+00,7.947352655381547670e-01,9.545749201547559792e-02,-4.728993440094042544e-01,3.179418234302851531e-01,1.391549329636763588e+00,9.438685402106169464e-01,-3.059025881644481526e-01,-1.287640970388615802e+00,-5.270557953466156048e-02,4.840293210130596768e-01,8.492775084558997767e-01,1.620763660826752606e+00,2.687399223473046384e+00,4.790030033616297089e+00,5.907988499117398540e+00,6.678152259372144961e+00,6.719808125057562975e+00,6.937501550087613822e+00,8.020953174755614867e+00
-2.397433775235435860e+01,-2.406520272847042108e+01,-2.325654487596565900e+01,-2.313940475785984319e+01,-2.086419110504570185e+01,-1.977784953978867222e+01,-1.920129758050876845e+01,-1.873500884918733789e+01,-1.869510547380965093e+01,-1.840646568638406322e+01,-1.828787494990029217e+01,-1.847096758367818836e+01,-1.829773832228334030e+01,-1.736109835221115105e+01,-1.654938074012079596e+01,-1.654594464868252857e+01,-1.533614267379719287e+01,-1.355613973388887494e+01,-1.437058335948286469e+01,-1.780167092914402716e+01,-1.858335349688671201e+01,-1.966895919783428326e+01,-1.936769162605097705e+01,-1.814532858354857225e+01,-1.770877090479743643e+01,-1.719233641224684916e+01,-1.674638165506874188e+01,-1.537110525661572780e+01,-1.414390711968739112e+01,-1.198175262006848563e+01,-1.127080955195511081e+01,-1.151614693375935161e+01,-1.090100802236262467e+01,-1.061211664256172682e+01,-1.083928070414361322e+01,-1.067422474518642339e+01,-1.143863180143318914e+01,-1.050909030593938454e+01,-9.870889707864151319e+00,-1.046560316031548510e+01,-1.005185300116667335e+01,-1.073715352353365837e+01,-1.051805871280943627e+01,-1.090043309825897566e+01,-1.181310686455768533e+01,-1.129701023985015063e+01,-1.286206653038086856e+01,-1.298799360281086557e+01,-1.295388279496026307e+01,-1.356287073358165429e+01,-1.253331005413817323e+01,-1.329445613910929680e+01,-1.376734156965084210e+01,-1.255258078350409612e+01,-1.161962184036637780e+01,-1.063214043819550270e+01,-9.702568193932656015e+00,-1.021450064937977231e+01,-9.315913936156624331e+00,-8.724948406349419372e+00,-1.117065433570289201e+01,-1.525641601466613118e+01,-1.628894504609998606e+01,-1.818148213967988625e+01,-1.973827650778883225e+01,-2.080834769205705115e+01,-2.005333055943638243e+01,-1.934823127105757479e+01,-2.003307154812039315e+01,-2.074187714268011362e+01,-2.020808103781618215e+01,-2.003031884856677891e+01,-1.822298953848364889e+01,-1.961833390122566456e+01,-2.169895676868001644e+01,-2.283617542048247984e+01,-2.139251753351053154e+01,-2.012879230813981479e+01,-1.959831660564192291e+01,-1.886310091773389885e+01,-1.760508444391646776e+01,-1.692540154919629103e+01,-1.624844239029410886e+01,-1.602961328539104713e+01,-1.431554467053577717e+01,-1.413351993599834344e+01,-1.391848799593907948e+01,-1.426815943068991110e+01,-1.460330325467140966e+01,-1.532166670774969575e+01,-1.780491458808745264e+01,-1.718020991462848812e+01,-1.630819033488536718e+01,-1.521638073782754219e+01,-1.378172089825578084e+01,-1.328323190829349265e+01,-1.263000309970797019e+01,-1.127705812623175596e+01,-1.053275698490674017e+01,-9.979357463946781692e+00,-8.926919948052045584e+00,-7.943102314231554217e+00,-6.864155770761541042e+00,-5.310131569423913511e+00,-4.309259637724045078e+00,-4.087863744865424032e+00,-5.183990902902928077e+00,-3.902418368062897880e+00,-1.557590386156698425e+00,-2.622233002668192370e+00,-3.440860023165727366e+00,-4.224567062110143212e+00,-3.690442703029752192e+00,-3.509435370351739358e+00,-3.825798399347434930e+00,-2.035847266180983883e+00,-2.348224776922718249e+00,-2.638625381900013167e+00,-1.777687288210765049e+00,-4.298713399659809808e-01,-1.137675410910894858e+00,-2.731236295528979507e+00,-2.897081311774442280e+00,-4.299128810745616036e+00,-5.721637754506115670e+00,-6.084582018712501927e+00,-6.996872746039827007e+00,-6.671769368466005545e+00,-6.192986683244758872e+00,-4.653636518524920440e+00,-4.526168571867250634e+00,-4.567940616803053189e+00,-6.357095664692701931e+00,-6.677420360344812345e+00,-8.123708771817195640e+00,-7.043631171689035853e+00,-5.820419444169580458e+00,-5.720361184916759711e+00,-6.072317130314664801e+00,-5.242972126347341444e+00,-5.264630122218148855e+00,-4.196695962680246694e+00,-5.729863316529832495e+00,-8.379452816844120022e+00,-8.916383604371565852e+00,-9.352449689958294954e+00,-1.045463524197005611e+01,-1.009204754557570993e+01,-9.440534330927549789e+00,-8.512023678913935854e+00,-8.738446315102079254e+00,-8.717315465129619412e+00,-1.000937398096462694e+01,-1.120853754252908985e+01,-1.045740915887304112e+01,-9.309802655005649186e+00,-1.011806542922285601e+01,-9.640745298763796711e+00,-1.055716337579612585e+01,-1.102426863046642858e+01,-1.140597919305835006e+01,-1.205902041366998212e+01,-1.271837592641081471e+01,-1.379112196456375194e+01,-1.439466863203039360e+01,-1.548779375416381221e+01,-1.569787093677081558e+01,-1.699966739769268287e+01,-1.725114833239148027e+01,-1.785341936645934524e+01,-1.831085865539974122e+01,-1.883654387796034158e+01,-1.809099543839497670e+01,-1.784741529187916953e+01,-1.923514084219660703e+01,-1.733080817307120114e+01,-1.644198302990249871e+01,-1.541976192191268602e+01,-1.395648991716117848e+01,-1.232465745097247201e+01,-1.234327007022979927e+01,-1.409964894930887169e+01,-1.539549996325604653e+01,-1.359590556434289255e+01,-1.327371582144269446e+01,-1.499007029361979448e+01,-1.670415363075583670e+01,-1.618827629732357565e+01,-1.526835769010187605e+01,-1.512996513469526150e+01,-1.468302351154401109e+01,-1.276389638205726307e+01,-1.098483901169788268e+01,-8.872160262196914005e+00,-6.401801780540786524e+00,-4.628058323297749688e+00,-3.322360075875139263e+00,-2.597098176156214855e+00,-6.400946455726772122e+00,-6.856772897203776473e+00,-6.535991530097907010e+00,-6.395756208241776264e+00,-6.980635069095156631e+00,-6.368725829246951520e+00,-5.460160215018575514e+00,-4.971775991693859531e+00,-6.054206083947543782e+00,-5.320265908982616310e+00,-5.751212357155575106e+00,-6.426486050839377739e+00,-8.823250383807335950e+00,-1.163740568273726161e+01,-1.204120173217380696e+01,-1.144226134167918474e+01,-1.118415002917111423e+01,-1.227868707834254636e+01,-1.256363688337331297e+01,-1.330016616242948047e+01,-1.296873636726719248e+01,-1.203111327834861299e+01,-1.167882937521107323e+01,-1.125692036059687595e+01,-1.164832386992098812e+01,-1.106209264974535422e+01,-1.129417737045610615e+01,-1.187893204288138449e+01,-1.186375920656117522e+01,-1.226441560018058574e+01,-9.859038056405378114e+00,-8.292672903458226941e+00,-8.074284863058585060e+00,-8.075378856316813625e+00,-8.147922539215432636e+00,-1.023355578402077271e+01,-1.158813457739074337e+01,-1.307855465362521130e+01,-1.299873626704820140e+01,-1.250745324299984951e+01,-1.215649951183108080e+01,-1.164376446015466193e+01,-1.155131731585517230e+01,-9.983081786591201379e+00,-8.933526160878972888e+00,-8.888533386563157279e+00,-1.053434339714769408e+01,-9.542737853101241896e+00,-8.571048088751446414e+00,-9.341346700829019412e+00,-8.887549120760782628e+00,-8.704489011167733992e+00,-8.141851519523120473e+00,-7.740899117602113577e+00,-7.462687757257778998e+00,-8.189992056240756213e+00,-7.744990849438764258e+00,-6.870835103153418721e+00,-6.013859212274624610e+00,-6.066883870531069256e+00,-5.084326905748949521e+00,-5.075995599708567063e+00,-5.969440096129677187e+00,-6.566164026912884921e+00,-7.276224090924301002e+00,-7.822411514332233473e+00,-8.074035476457522620e+00,-7.358995288472465646e+00,-6.550894577544507769e+00,-6.461761063543404404e+00,-5.386798315195276743e+00,-4.567392844371219063e+00,-3.612157216994532849e+00,-1.934380448388106855e+00,-2.615220223947642975e+00,-2.036258629305826240e+00,-1.165858504187716749e+00,-1.271632937167775923e+00,-1.120985436442903493e+00,-1.021907807877937779e+00,-3.020709216445988665e-01,8.554420998327431080e-01,1.151856512732563953e+00,2.268545189313981414e+00,1.848619430936469410e+00,2.359305076047093053e+00,2.181747636528061030e+00,1.734625041529629597e+00,1.410150534242222475e+00,-1.811514545033609869e+00,-5.539059387722339522e+00,-5.074032133303951753e+00,-5.247084389912803459e+00,-4.299383286492796330e+00,-4.030074511368924917e+00,-4.228133074904298461e+00,-4.968043485601870479e+00,-5.063575813482099619e+00,-5.130956663738268198e+00,-4.692262785152673032e+00,-3.202918051480243999e+00,-3.296789684616104221e+00,-2.509338647614952400e+00
7.895189262086707238e+00,7.791362088818359233e+00,9.285551708532461035e+00,1.024544030413078488e+01,1.052169039977045983e+01,1.086885230972115579e+01,1.197459054796670941e+01,1.256637673607897199e+01,1.164729883186305948e+01,1.081199548776943686e+01,1.037974160961648451e+01,9.500473341564944718e+00,1.015619337600865357e+01,9.644690496358515830e+00,6.338887044247328184e+00,5.199172271727632300e+00,5.611406892632439636e+00,5.490403054829422480e+00,4.593531351869510004e+00,3.384341448969809374e+00,3.585797134565161581e+00,4.359453811004420309e+00,4.401253399645934650e+00,4.325610780484672624e+00,4.293566994479415477e+00,4.036297055635282405e+00,3.585605238201721612e+00,2.831599071673560619e+00,1.691525610136165314e+00,1.354185324445710936e+00,9.356049675295053936e-01,4.238018073282124321e-01,9.356671213657431763e-02,9.116906842595696725e-01,6.482785395827970198e-01,-9.084940147859744686e-01,-2.240313911074173436e+00,1.385357229042587734e+00,3.342729767422686571e+00,5.790690541281344750e+00,6.623321593769245119e+00,7.054962662430228626e+00,6.436617255577047558e+00,5.369000875298312714e+00,4.992585333751965671e+00,3.592169904808563352e+00,4.308026703675516877e+00,4.413720408541975004e+00,4.598304724979338509e+00,3.731846715906924405e+00,3.690717085871714209e-01,-3.698958521433325153e+00,-7.259424047051743045e+00,-8.326910641106515243e+00,-8.218055374917913269e+00,-7.819091615703206877e+00,-8.008500033156771281e+00,-7.372838300928678201e+00,-7.057385896798164637e+00,-7.288347062076418581e+00,-6.378372514297367069e+00,-5.159038891100895974e+00,-4.805208348847589406e+00,-5.536178836413402138e+00,-5.183507447904787568e+00,-4.633944272180942292e+00,-5.463702509607579749e+00,-6.613332259093864351e+00,-5.957988971189180027e+00,-4.029704836788113198e+00,-3.039609437755155241e+00,-1.974999641037969544e+00,-1.294601565614646566e+00,-2.359480297310378116e+00,-1.769588839367084665e+00,-1.837368541796374544e+00,-1.744888154269455427e+00,-1.972383419877681510e+00,-1.970800239179169466e+00,-1.265962281527528432e+00,-1.687761704410406516e+00,-1.942794991387507775e+00,-2.286081530536678397e+00,-2.618009639585383130e+00,-2.408179368160001221e+00,-1.588902094449817559e+00,-1.193232125945517863e+00,-2.121704716514670519e+00,-3.303379852498380398e+00,-3.228275436091615269e+00,-2.550984673661242041e+00,-1.847909124876507381e+00,-2.057104784230417760e+00,-2.359216873461352559e+00,-1.878023361344379305e+00,-2.486645281634789928e+00,-2.522677754346507761e+00,-2.349609019582665770e+00,-2.762181581871113512e+00,-1.147868348409055050e+00,3.120534655673224966e-01,1.484295678620889625e+00,1.571761269162766705e+00,2.432056064147860130e+00,1.560080335163283483e+00,2.479248177641374173e+00,2.669801749695800197e+00,2.127938269743583799e+00,2.833379190227153899e+00,2.384430574303126882e+00,2.157117217013312604e+00,1.340892130880255495e+00,2.038292660411825885e+00,3.254575116946496927e+00,4.326460090168354533e+00,6.202738477183455501e+00,7.949579917331296208e+00,8.038853478779634187e+00,8.717157534285183473e+00,8.141893353564666924e+00,6.876640366656539882e+00,6.695403412101597063e+00,7.286167982711488023e+00,9.536847658996070010e+00,9.798017417931589534e+00,9.963244490997396952e+00,1.029186188059375873e+01,1.034252242164778934e+01,1.070824007678375267e+01,1.167810809774961278e+01,1.073069725662762508e+01,1.175030832863924246e+01,1.126158876910383810e+01,1.136581402956529452e+01,1.095107905583262564e+01,1.193304846668901753e+01,1.196776835428872410e+01,1.052619915818212526e+01,9.601025367102142383e+00,9.054568144092234760e+00,8.688134507372375026e+00,8.582290598777733592e+00,8.218260942895350141e+00,8.858870245220364481e+00,8.068238023543411686e+00,7.301968812151738319e+00,6.972715562235169529e+00,5.610021425944249351e+00,5.468384991580781396e+00,5.086870997769230129e+00,5.648731669618166862e+00,6.708549162323059534e+00,7.168958157875135129e+00,6.982666120759125405e+00,6.374714973902495530e+00,6.453469517179481585e+00,6.946325409333744538e+00,6.870477182078592371e+00,5.526059275090740464e+00,2.663673120535844596e+00,2.317655429541335632e+00,4.705864086070384311e-01,-8.183385936891695023e-01,3.448711122305565535e-01,8.759074541658146140e-02,-1.677128888839437559e-01,-8.001426021082422291e-02,-3.533701490489780106e-01,-6.135273844315047853e-01,-6.034369145880557062e-01,-7.941474266424408679e-01,-1.571842014821754896e-01,1.989883765890989586e-01,3.402536606788821305e-01,1.871755748508672212e+00,2.973851651227257253e+00,3.621153130266889342e+00,2.845969928333562660e+00,3.307191156529987630e+00,3.141493968238910472e+00,5.385855476787721585e+00,5.471049499906533775e+00,6.621848380372005849e+00,6.887446119180249404e+00,7.152880145233965870e+00,7.503998951309177379e+00,7.131720741601674796e+00,6.865417573049603206e+00,6.875469011545095377e+00,7.351372911277056055e+00,7.444904338311317815e+00,7.213584110357899704e+00,7.156333241938335199e+00,6.831862403530748473e+00,7.062706723165831590e+00,6.635294697990620882e+00,2.062814186053250953e+00,1.694479870863714766e+00,2.030871980768836682e+00,3.547409531252152526e+00,2.295838439904142270e+00,2.244547759833086076e+00,2.307822024335688837e+00,3.477271009683235103e+00,3.371378585327308830e+00,1.349873062773810473e+00,-1.292096457109243923e+00,-9.931642908359997746e-01,-4.345125742887526732e-01,-9.892329842037799192e-01,-4.901080035681223412e-01,-8.834618168836301522e-02,-1.555952061047940760e-01,-5.975858088187321338e-01,-4.235270955550832217e-01,1.607757668530256145e+00,3.901802339629909522e+00,4.332755885622699310e+00,5.809360505055400914e+00,7.782749711746641097e+00,7.095988608917143559e+00,6.462648734757113544e+00,6.182775332575045191e+00,6.267615370941292952e+00,2.225747186407516676e+00,3.009582436571613950e-01,6.767702558774342236e-01,1.210948461026382539e+00,1.632770801078432088e+00,2.107105926639945448e+00,2.232265012331960730e+00,3.135682325446524032e+00,4.826878488512617693e+00,5.137341646814109986e+00,4.503853287356101021e+00,3.543886008700049661e+00,3.638025302181489007e+00,2.140544907263771890e+00,3.704783608683567264e-01,-6.752704202886213869e-01,-6.383701530422882797e-01,1.956514555886883222e-01,-1.042551159623805068e+00,-1.794789930862311866e+00,-1.244528828058368175e+00,-1.469774578645644425e+00,-1.096709052712371069e+00,-6.381814565503417525e-01,-2.203565768581216222e+00,-2.319752394813423102e+00,-2.527312608008173811e+00,-1.569221639038096194e+00,-1.159905081723281217e+00,-9.726494124378531891e-01,1.212505822090238772e-01,1.161425039236304579e+00,1.041797313633316291e+00,1.109480283976042259e+00,1.889637684377111659e+00,2.430197245103140169e+00,1.780783284489138474e+00,2.470592562260479852e+00,3.309094927031670075e+00,4.252172081344683718e+00,3.907731277230469313e+00,5.380545838646896506e+00,6.411646329436543112e+00,6.982214378367277874e+00,5.827053725730144684e+00,4.735294342826621872e+00,2.724307340737180283e+00,-1.663668651296765499e-01,-1.549956997881228649e+00,-4.630584846342545302e-01,-1.043611094170177278e+00,-1.887254849717270755e+00,-1.742592283055613089e+00,-1.541362340537995479e+00,-8.348543749837673555e-01,1.524618027461542402e+00,2.120750736025126315e+00,2.360089533263247663e+00,2.331431429914847531e+00,2.777315316979157345e+00,3.033543043447019194e+00,2.885364675252131583e+00,3.478236791168967557e+00,4.722860541671415113e+00,3.546645757016831713e+00,5.534827631628712830e+00,4.562986327576694201e+00,3.557345132206307436e+00,3.542154845835225885e+00,4.852362730579838690e+00,5.590101919258558816e+00,6.724475570035231442e+00,6.534985773785859209e+00,7.551462313268357818e+00,7.795097383305154004e+00,8.749253911871166522e+00,9.009976186831099909e+00
-9.614483832160322763e+00,-8.537146003084144397e+00,-9.668468766019714167e+00,-9.802563434958974753e+00,-1.106010464468293897e+01,-1.221190177900062324e+01,-1.296102293023710317e+01,-1.135629802158772428e+01,-1.040097830577621707e+01,-1.210282603598162154e+01,-1.283810963397778160e+01,-1.204132748266459707e+01,-1.056854759419718803e+01,-9.538245999036821132e+00,-1.129752581088186325e+01,-1.472877700751503127e+01,-1.715712572862417673e+01,-1.753547315951006524e+01,-1.607507895149658950e+01,-1.479551327057861165e+01,-1.376341922539398510e+01,-1.305143896797311243e+01,-1.153939036358360859e+01,-1.109468394263721613e+01,-1.046497565671117869e+01,-9.395298287108914792e+00,-7.752241961607340137e+00,-6.765188165300612511e+00,-5.900499571636153462e+00,-5.443455517437141289e+00,-4.446338271745704063e+00,-3.232484324544421472e+00,-2.352485213034549716e+00,-2.543293527074677485e+00,-3.818989626585743480e+00,-3.662529387715788953e+00,-4.107541970236977313e+00,-4.833010691719384688e+00,-3.223309088929712463e+00,-1.856231186383472842e+00,-2.020870696925562982e+00,-2.745199661572651717e+00,-3.143698878476884673e+00,-2.035627359887238974e+00,-1.333424430825171481e+00,-1.067333726402913463e+00,-9.934276933863583903e-01,-2.723829219275361702e+00,-1.727294977676827381e+00,-1.667387680974966813e+00,-1.870787926627407227e+00,-1.907944538960157477e+00,-2.074855074588627168e+00,-2.556192596581957410e+00,-2.985331366751426074e+00,-3.485943223524215817e+00,-7.059369055809905369e+00,-8.498970575959377882e+00,-9.699446467457967458e+00,-1.044555776196546937e+01,-1.074721943818816783e+01,-1.267489620249064686e+01,-1.337748845989515978e+01,-1.465561996796356325e+01,-1.648564876622723929e+01,-1.561367541301630801e+01,-1.494514496625657074e+01,-1.384674561850727592e+01,-1.276128647934449845e+01,-1.130317779387912580e+01,-1.041282642292395444e+01,-9.030427419245627974e+00,-7.527303437127938146e+00,-6.947114127514367077e+00,-7.091274661556854930e+00,-7.391451171913193896e+00,-6.490223209549346173e+00,-5.900602741007332952e+00,-5.624621668841743194e+00,-6.209777706009211862e+00,-5.968652479104494368e+00,-5.037096371401608152e+00,-4.387270061373497398e+00,-4.438761253120033778e+00,-4.216665235618219931e+00,-3.808144135399997854e+00,-3.861796359258749867e+00,-4.511369447258854137e+00,-4.421912985327720591e+00,-6.626642561246566032e+00,-6.278860200589109652e+00,-6.591991742277651056e+00,-7.361573613052859066e+00,-8.320970533523921020e+00,-8.525917157369535815e+00,-7.176131980881383043e+00,-6.320642333155460868e+00,-9.291451919842305784e+00,-9.383379382484896780e+00,-9.190187000451162547e+00,-8.623936895486917109e+00,-8.752692726344575291e+00,-7.749370518389602225e+00,-7.672903504860648205e+00,-1.067436109981971271e+01,-9.978912591617511652e+00,-9.687083939596998761e+00,-9.263396425126238398e+00,-1.038270469170577215e+01,-1.093486326008736143e+01,-1.082665306729856347e+01,-1.071730151906138673e+01,-9.893756866762945634e+00,-8.206488228311132005e+00,-1.107104787657113576e+01,-1.295907778912491892e+01,-1.534290493811597855e+01,-1.534407444619586158e+01,-1.270150850048464797e+01,-1.174567634389529758e+01,-1.161949168562192725e+01,-1.111405895951361344e+01,-1.118265919073645343e+01,-1.325692928248625435e+01,-1.198378368342367928e+01,-1.156487543853254785e+01,-1.098695272562917857e+01,-1.005453237198169347e+01,-8.612872991597358308e+00,-7.024928290240891826e+00,-7.057928932977930003e+00,-6.988910014085147004e+00,-5.742477803596685249e+00,-5.477875739566718138e+00,-4.320331771544601906e+00,-5.420015804632594580e+00,-5.246327561294662267e+00,-6.084678280263513095e+00,-6.570996564628234893e+00,-7.991793356059824660e+00,-8.688647699751731679e+00,-9.660426582914706017e+00,-8.898518881672071501e+00,-9.016119800346839241e+00,-9.169462892884686411e+00,-8.030646324567641159e+00,-7.468332847410269260e+00,-7.496955607733281290e+00,-7.108453843658789850e+00,-5.172498791236407101e+00,-5.952856370345084969e+00,-6.484643988566323181e+00,-7.614452764213259783e+00,-6.532456869160622404e+00,-5.879236234088370594e+00,-6.072602493926503087e+00,-5.080241415044406850e+00,-5.309172942350396163e+00,-7.141471850201451588e+00,-7.772291437606740239e+00,-7.356004337957896766e+00,-6.252387631066732787e+00,-5.967182622313943696e+00,-7.755540758562021963e+00,-8.016504660485695766e+00,-8.951468214664888734e+00,-1.012576437740294999e+01,-1.137349221280199707e+01,-9.946570876732366173e+00,-9.113700699871275290e+00,-8.803231097161489771e+00,-7.659984776439930698e+00,-8.341700008506302666e+00,-8.302111459037346819e+00,-8.389878409363356937e+00,-7.862268880387857095e+00,-6.782370080312637661e+00,-6.187464826312470301e+00,-6.004029215432349353e+00,-5.732807876771008004e+00,-8.913822396754895294e+00,-8.167185850535272351e+00,-7.821301941072046127e+00,-9.760179701095033522e+00,-1.270614500300571770e+01,-1.548771804393218332e+01,-1.624650258091039134e+01,-1.800012723111729684e+01,-1.860264794935338628e+01,-2.192834964093762551e+01,-2.317685324632251209e+01,-2.423213052017357683e+01,-2.163212287626752683e+01,-2.067986881387967557e+01,-2.074529250263790203e+01,-2.012929806197346849e+01,-1.958662593527777673e+01,-1.979092245895471081e+01,-1.749150690330921876e+01,-1.778318177509920517e+01,-1.804695016369209171e+01,-1.676638236009581462e+01,-1.573517247068745384e+01,-1.455164740833939163e+01,-1.434183446387709004e+01,-1.691780402157861118e+01,-1.634381709874767097e+01,-1.595329047667830125e+01,-1.373877887216248972e+01,-1.050322040910944921e+01,-1.026817586866267362e+01,-9.806540449850148278e+00,-9.933417109810376289e+00,-1.039815886297640724e+01,-1.109902710250850966e+01,-1.086288905085947576e+01,-9.955105477880024978e+00,-9.691629775036473049e+00,-9.990120129482953359e+00,-1.132850639798849102e+01,-1.077115797752542647e+01,-1.070709378173635429e+01,-8.550586282598606758e+00,-7.593711788686642095e+00,-8.765015779794531170e+00,-9.657801298565569681e+00,-1.218667441238254767e+01,-1.229381871809433768e+01,-1.265140766536258177e+01,-1.539192146630948521e+01,-1.434292745902171973e+01,-1.325921502638484384e+01,-1.353816933049285076e+01,-1.279450940847777218e+01,-1.188776454272099592e+01,-1.233669705579041853e+01,-1.222764412244188392e+01,-1.146674767313463050e+01,-9.750605964915351365e+00,-1.030512243337979505e+01,-1.061998852912205749e+01,-1.002880761300619383e+01,-1.165029846634475952e+01,-1.055404883537915239e+01,-1.094436957749018191e+01,-1.032820461043919913e+01,-1.083043066080042927e+01,-1.341852317676592321e+01,-1.531631521400355034e+01,-1.788023024470288291e+01,-1.948045799164885494e+01,-1.992997336426133970e+01,-1.978858629444260586e+01,-2.041960522357448582e+01,-2.007631574223463389e+01,-1.747650364165807702e+01,-1.742198407838986185e+01,-1.760574812310931492e+01,-1.720323040281283511e+01,-1.662316032457723480e+01,-1.547569696796240102e+01,-1.481340735465070324e+01,-1.496394478175816722e+01,-1.528787441830513139e+01,-1.485006251086666573e+01,-1.336156212563942347e+01,-1.273878794308439488e+01,-1.299561431689950552e+01,-1.236977547091703222e+01,-1.256685271396094983e+01,-1.393884430956502563e+01,-1.410736016268303850e+01,-1.334771161499234182e+01,-1.413196153411962541e+01,-1.410263443357770363e+01,-1.402836832550845969e+01,-1.360473239409317259e+01,-1.302057387605372796e+01,-1.200719839922063059e+01,-1.179540538929300908e+01,-1.134585343123569956e+01,-1.182068174815976569e+01,-1.225518681809778343e+01,-1.343903306374838813e+01,-1.250047957411799970e+01,-1.004131681053664238e+01,-9.770851605902318937e+00,-9.200073840934082980e+00,-7.682813804072588404e+00,-7.680215896062827063e+00,-7.384860659446792930e+00,-6.873771753546058072e+00,-5.749810719929457470e+00,-5.711391985766463897e+00,-4.271161482629280748e+00,-5.634411030522505470e+00,-6.367154793929041823e+00,-5.769568226508031472e+00,-5.035166175091167595e+00,-4.746424365311114002e+00,-4.822976689392501015e+00
-1.609287217533397296e+01,-1.734508450229142795e+01,-1.686686471984115698e+01,-1.596914993143706063e+01,-1.529151767469077861e+01,-1.549993565474167312e+01,-1.684021397216881510e+01,-1.756006639587243257e+01,-1.757419712516101384e+01,-1.725554524781389887e+01,-1.591616751993934642e+01,-1.642718852009754471e+01,-1.666078956615713480e+01,-1.554776376249639469e+01,-1.515722782306756855e+01,-1.494537108558793648e+01,-1.609864375580690066e+01,-1.669154276324884378e+01,-1.790458954423851878e+01,-1.742501768653785632e+01,-1.773519862116873469e+01,-1.771281036397414965e+01,-1.903237949743628121e+01,-1.968642515442476082e+01,-1.925257185809387295e+01,-1.931962527469794466e+01,-1.907143479571839606e+01,-1.753515910396061628e+01,-1.795976205445363405e+01,-2.049555809002212570e+01,-2.153470346480574804e+01,-1.948096633400120936e+01,-1.866392806243164060e+01,-1.855964336970460593e+01,-1.862162290127461972e+01,-1.941150325294141865e+01,-1.890371143308268742e+01,-1.907381030873064276e+01,-1.926135311731519550e+01,-1.861359094918021739e+01,-1.774327036104535793e+01,-1.838300949464552758e+01,-2.297978290281750802e+01,-2.728483191696537347e+01,-2.849397266292877262e+01,-2.794247447669934203e+01,-2.548642999376270168e+01,-2.574890088364443486e+01,-2.379178368330033777e+01,-2.157187423896108314e+01,-2.033095851166956081e+01,-2.009387152571357049e+01,-1.855442878169141707e+01,-1.708879289156216430e+01,-1.627680808796045753e+01,-1.507179635436146192e+01,-1.608136186798408929e+01,-1.499104684313683578e+01,-1.659951234409292198e+01,-1.758973612858467916e+01,-1.882536534012400153e+01,-1.815000784482528573e+01,-1.915084248587855242e+01,-2.001400214360444352e+01,-1.884160416329419974e+01,-1.808922201566154087e+01,-1.805033531674239455e+01,-1.878383025595736200e+01,-1.855910676436137408e+01,-1.976824850510335452e+01,-1.850639764570928847e+01,-1.830260730193025509e+01,-1.690998977896155608e+01,-1.587573684988965006e+01,-1.494441235277046864e+01,-1.564139345310844931e+01,-1.526876571299544416e+01,-1.697685504113860588e+01,-1.872494544554072959e+01,-1.995919623837433932e+01,-1.809988499486069102e+01,-1.814580853649102110e+01,-1.759023513311043629e+01,-1.653662414690301219e+01,-1.510173592726549607e+01,-1.429768031947513940e+01,-1.336220194114688553e+01,-1.205665697487149401e+01,-1.206398080617085711e+01,-1.322799662857095804e+01,-1.292962062704467563e+01,-1.208693303132438146e+01,-9.987203714382976827e+00,-9.624927291829280307e+00,-9.229100068418894409e+00,-7.805692783324666095e+00,-6.715288808918769448e+00,-7.250856113632448974e+00,-6.338201598437839479e+00,-6.131659609337107852e+00,-5.842806167371775494e+00,-6.478444607400457578e+00,-6.679462166389318334e+00,-4.802135791866473546e+00,-4.456639818934420738e+00,-4.460179975872494040e+00,-5.380014238943888749e+00,-4.556456387266470287e+00,-4.178327585799527455e+00,-3.535264694115990647e+00,-3.468108424787099242e+00,-3.571391601326160625e+00,-2.978327042168213090e+00,-1.802108821078453049e+00,-1.309807731816699850e+00,-2.787443395598688589e+00,-7.107218851315679764e+00,-8.171434717816504545e+00,-8.036826420627502188e+00,-7.411385274195523287e+00,-8.792761720592386254e+00,-9.278968528178065611e+00,-9.009152731216754972e+00,-8.485670665449202232e+00,-9.553431349181044752e+00,-8.895996977867358879e+00,-9.324766790534420480e+00,-8.390546016232498516e+00,-7.462978575397769987e+00,-5.245595426618478996e+00,-4.958884762727999274e+00,-6.493605121225460408e+00,-1.017652747631193222e+01,-1.360242644839555126e+01,-1.434853506003044465e+01,-1.549412598671761820e+01,-1.777906464037190659e+01,-2.013539141918179709e+01,-2.262655519769195323e+01,-2.314940982525044788e+01,-2.207133690988230512e+01,-2.064573238047109172e+01,-1.822960042775549994e+01,-1.648283533271097312e+01,-1.608391024577153061e+01,-1.449870663245442159e+01,-1.314816401824893788e+01,-1.240419947386666166e+01,-1.227901019228701252e+01,-1.191387276113170657e+01,-1.076518776119349319e+01,-1.108361285119468675e+01,-1.257490010564280425e+01,-1.149465387560349328e+01,-1.166516758189697711e+01,-1.268260966603031648e+01,-1.226296757548401573e+01,-1.101812173839914699e+01,-1.113362335716584006e+01,-1.065859958886494141e+01,-1.042495704801731016e+01,-1.059864011049244858e+01,-1.075290284438861832e+01,-1.198488475214647231e+01,-1.256366295670686206e+01,-1.242385461998017071e+01,-1.305647753607333250e+01,-1.490196430107153169e+01,-1.356882434388034753e+01,-1.243040244771307101e+01,-1.249648003074195124e+01,-1.187184997397946873e+01,-1.051842958854535581e+01,-1.075139448810872800e+01,-1.089801770895534716e+01,-1.107054294266125183e+01,-1.183463349101667639e+01,-1.345219849586358407e+01,-1.332489991821705644e+01,-1.232864607302072457e+01,-1.250434006720972135e+01,-1.277631052526043653e+01,-1.313117594981504332e+01,-1.546439059102383240e+01,-1.847508620893164277e+01,-1.992435224673321414e+01,-1.893328981042212078e+01,-1.719189238729079250e+01,-1.642126541838477749e+01,-1.644930180851560664e+01,-1.601339943524832776e+01,-1.421646974829589993e+01,-1.422731580028096410e+01,-1.429223364146850983e+01,-1.549001570758475665e+01,-1.578761168198584564e+01,-1.631785389850900359e+01,-1.786297071416412763e+01,-1.755098329523051959e+01,-1.610496568200598588e+01,-1.448317060433799242e+01,-1.315751517315237429e+01,-1.241995586794631556e+01,-1.254717136705031599e+01,-1.209582496083019620e+01,-1.558020940181354241e+01,-1.916028598792429349e+01,-1.778829614903427014e+01,-1.686978510019247324e+01,-1.599708556663054893e+01,-1.565509215909489527e+01,-1.511586898702074855e+01,-1.363283861610692327e+01,-1.355619615864870831e+01,-1.367631626192087602e+01,-1.255269708982306121e+01,-1.179489611110589742e+01,-1.161306345787792971e+01,-1.389258287836985062e+01,-1.749528752990786273e+01,-2.242396690942291571e+01,-2.509840931453175372e+01,-2.417428471040457438e+01,-2.310795613726812903e+01,-2.138911400548616371e+01,-2.073850880473876401e+01,-2.213748866105008162e+01,-2.398441766925421703e+01,-2.340547207301759869e+01,-2.207081206381502625e+01,-1.984202023813226035e+01,-1.873252542034220269e+01,-1.763487901671254221e+01,-1.697189641041358854e+01,-1.914621114580354089e+01,-1.761976130891591197e+01,-1.806421354154199221e+01,-1.728541248121009133e+01,-1.704331625863022381e+01,-1.856818741377405857e+01,-1.892204840380981068e+01,-2.100982332267567188e+01,-2.348080481204923942e+01,-2.660642751001622486e+01,-2.880104596945998807e+01,-2.738178995862217846e+01,-2.684808948507563287e+01,-2.469680455511171502e+01,-2.195617157620200999e+01,-1.941800624342797121e+01,-1.892275719304671355e+01,-1.880105912227014997e+01,-1.911841094236176275e+01,-2.156489347281121383e+01,-2.257359776250395811e+01,-2.222279856589911162e+01,-2.154110268082356683e+01,-2.020802631467364918e+01,-2.143823652895227383e+01,-2.309293770134110702e+01,-2.373765284620166582e+01,-2.244529629307127649e+01,-2.135316319099385396e+01,-1.963437376872810702e+01,-2.001652433744410686e+01,-2.114437304451398703e+01,-1.957551544674952737e+01,-1.828431832141008329e+01,-2.007382327201145245e+01,-2.198157050566854309e+01,-2.278169596752814385e+01,-2.124179272383284456e+01,-1.998713909213742923e+01,-1.882078899568474739e+01,-1.711432814060269081e+01,-1.776303956501088166e+01,-1.831320338073159704e+01,-1.899985457871010652e+01,-1.889506841679891735e+01,-1.781532341763226412e+01,-1.736044233615586307e+01,-1.576331612758050227e+01,-1.478262964722831008e+01,-1.458015857384987157e+01,-1.648977835435137962e+01,-1.903326251883983744e+01,-1.730747153515780568e+01,-1.684793457832216745e+01,-1.580315626583611710e+01,-1.479350395763691317e+01,-1.451689102703394951e+01,-1.583780337772542168e+01,-1.480845737504898629e+01,-1.372018889371333472e+01,-1.353076536569794719e+01,-1.251322890257918630e+01,-1.229378003741854641e+01,-1.202995942785603312e+01,-1.118789087403780336e+01,-1.033729705478314109e+01,-8.763122640767079474e+00
9.536847658996070010e+00,9.798017417931589534e+00,9.963244490997396952e+00,1.029186188059375873e+01,1.034252242164778934e+01,1.070824007678375267e+01,1.167810809774961278e+01,1.073069725662762508e+01,1.175030832863924246e+01,1.126158876910383810e+01,1.136581402956529452e+01,1.095107905583262564e+01,1.193304846668901753e+01,1.196776835428872410e+01,1.052619915818212526e+01,9.601025367102142383e+00,9.054568144092234760e+00,8.688134507372375026e+00,8.582290598777731816e+00,8.218260942895350141e+00,8.858870245220364481e+00,8.068238023543411686e+00,7.301968812151738319e+00,6.972715562235169529e+00,5.610021425944249351e+00,5.468384991580781396e+00,5.086870997769230129e+00,5.648731669618166862e+00,6.708549162323059534e+00,7.168958157875135129e+00,6.982666120759125405e+00,6.374714973902495530e+00,6.453469517179481585e+00,6.946325409333744538e+00,6.870477182078592371e+00,5.526059275090740464e+00,2.663673120535844596e+00,2.317655429541336520e+00,4.705864086070384311e-01,-8.183385936891695023e-01,3.448711122305565535e-01,8.759074541658146140e-02,-1.677128888839437559e-01,-8.001426021082422291e-02,-3.533701490489780106e-01,-6.135273844315047853e-01,-6.034369145880557062e-01,-7.941474266424392026e-01,-1.571842014821754896e-01,1.989883765890989586e-01,3.402536606788821305e-01,1.871755748508672212e+00,2.973851651227257253e+00,3.621153130266889342e+00,2.845969928333562660e+00,3.307191156529987630e+00,3.141493968238911805e+00,5.385855476787721585e+00,5.471049499906533775e+00,6.621848380372005849e+00,6.887446119180249404e+00,7.152880145233965870e+00,7.503998951309177379e+00,7.131720741601674796e+00,6.865417573049603206e+00,6.875469011545095377e+00,7.351372911277057831e+00,7.444904338311317815e+00,7.213584110357899704e+00,7.156333241938335199e+00,6.831862403530748473e+00,7.062706723165831590e+00,6.635294697990620882e+00,2.062814186053250953e+00,1.694479870863714766e+00,2.030871980768836682e+00,3.547409531252152526e+00,2.295838439904142270e+00,2.244547759833086076e+00,2.307822024335688837e+00,3.477271009683235103e+00,3.371378585327308830e+00,1.349873062773810473e+00,-1.292096457109243923e+00,-9.931642908359997746e-01,-4.345125742887529507e-01,-9.892329842037799192e-01,-4.901080035681223412e-01,-8.834618168836301522e-02,-1.555952061047940760e-01,-5.975858088187321338e-01,-4.235270955550832217e-01,1.607757668530256145e+00,3.901802339629909522e+00,4.332755885622699310e+00,5.809360505055400914e+00,7.782749711746641097e+00,7.095988608917143559e+00,6.462648734757113544e+00,6.182775332575045191e+00,6.267615370941292952e+00,2.225747186407516676e+00,3.009582436571613950e-01,6.767702558774342236e-01,1.210948461026382539e+00,1.632770801078432088e+00,2.107105926639945448e+00,2.232265012331960730e+00,3.135682325446524032e+00,4.826878488512617693e+00,5.137341646814109986e+00,4.503853287356101021e+00,3.543886008700049661e+00,3.638025302181488119e+00,2.140544907263771890e+00,3.704783608683567264e-01,-6.752704202886213869e-01,-6.383701530422882797e-01,1.956514555886883222e-01,-1.042551159623805068e+00,-1.794789930862311866e+00,-1.244528828058368175e+00,-1.469774578645644203e+00,-1.096709052712371069e+00,-6.381814565503417525e-01,-2.203565768581216222e+00,-2.319752394813423102e+00,-2.527312608008173811e+00,-1.569221639038096194e+00,-1.159905081723281217e+00,-9.726494124378531891e-01,1.212505822090238772e-01,1.161425039236305246e+00,1.041797313633316291e+00,1.109480283976042259e+00,1.889637684377111659e+00,2.430197245103140169e+00,1.780783284489138474e+00,2.470592562260479852e+00,3.309094927031670075e+00,4.252172081344683718e+00,3.907731277230469313e+00,5.380545838646896506e+00,6.411646329436543112e+00,6.982214378367277874e+00,5.827053725730144684e+00,4.735294342826621872e+00,2.724307340737180283e+00,-1.663668651296765499e-01,-1.549956997881228649e+00,-4.630584846342545302e-01,-1.043611094170178610e+00,-1.887254849717270755e+00,-1.742592283055613089e+00,-1.541362340537995479e+00,-8.348543749837673555e-01,1.524618027461542402e+00,2.120750736025126315e+00,2.360089533263247663e+00,2.331431429914847087e+00,2.777315316979157345e+00,3.033543043447019194e+00,2.885364675252131583e+00,3.478236791168967557e+00,4.722860541671415113e+00,3.546645757016831713e+00,5.534827631628712830e+00,4.562986327576694201e+00,3.557345132206307436e+00,3.542154845835225885e+00,4.852362730579834249e+00,5.590101919258558816e+00,6.724475570035231442e+00,6.534985773785859209e+00,7.551462313268357818e+00,7.795097383305154004e+00,8.749253911871166522e+00,9.009976186831099909e+00,7.518647948363260447e+00,7.868572070355335235e+00,7.793260345771765074e+00,8.392091205600420878e+00,8.950530722735225098e+00,8.799301453045901056e+00,1.021378451959025035e+01,1.101568134247447972e+01,1.205258981658227491e+01,1.133331724083405767e+01,1.047930808967694105e+01,9.672816970758525201e+00,8.383378780292661148e+00,8.116375272631808357e+00,7.482613816804290607e+00,7.625867678441225372e+00,8.199368341104694480e+00,7.954347407733756370e+00,8.642860668950332226e+00,9.997370467564701713e+00,1.081541667713604049e+01,1.041934687592720721e+01,1.034336124866575801e+01,1.116995680552756198e+01,1.265642196422374433e+01,1.349120946859543224e+01,1.402501740625572246e+01,1.367054995149507057e+01,1.337710497936213017e+01,1.282301746993649871e+01,1.383086211203409377e+01,1.313638841710806737e+01,1.114996267237334138e+01,1.135323240160022884e+01,1.186640660131047476e+01,1.243460873711904213e+01,1.205942797316920156e+01,1.122624734048268813e+01,1.098372048067929718e+01,1.143200757081953256e+01,1.178891920344749344e+01,1.213341985542866475e+01,1.379731309652353843e+01,1.495629858502163856e+01,1.496543646554992080e+01,1.586408819740567999e+01,1.655146936874941588e+01,1.649680625079687957e+01,1.625344944011179749e+01,1.511245881925780310e+01,1.382812954122261040e+01,1.290431467860675774e+01,1.258303917295272711e+01,1.315602103737933781e+01,1.327173376512841507e+01,1.311491154625045219e+01,1.208778143646195069e+01,1.160600038096134412e+01,1.081945919424560465e+01,1.153734951299171563e+01,1.179896779204571544e+01,1.230243879323941769e+01,1.220587165837100052e+01,1.050371858941430148e+01,1.098099074729090319e+01,1.143156946532476326e+01,1.155966034547327048e+01,1.163847201898456873e+01,1.147584355167401249e+01,1.079012736839494124e+01,1.129547762675034583e+01,1.088756571347039426e+01,1.223254007313410341e+01,1.038264688847470474e+01,9.544415727599632859e+00,9.405901077485033568e+00,1.004924306980253590e+01,9.256549498093731287e+00,8.804227653968986544e+00,7.589365510817746241e+00,7.467730901693806267e+00,7.086173463155902574e+00,6.026680217802973694e+00,6.049752607748767552e+00,7.259908960303257608e+00,5.844710819166138549e+00,6.178822357907112206e+00,8.209624218987306321e+00,8.878883629857559967e+00,8.631672196795044272e+00,7.779298341075182144e+00,8.010065357727258473e+00,9.006570582320286178e+00,1.068645004628101525e+01,1.038404089969051292e+01,9.296231456390849246e+00,8.187264005921473853e+00,8.926666610716607053e+00,8.607408183221947340e+00,7.709705830462818099e+00,8.266187902868667337e+00,8.834917075136331732e+00,8.620029167163826500e+00,9.291338512128978877e+00,8.382619793933415053e+00,8.765440824278524445e+00,9.421149803773568365e+00,9.939470606293935973e+00,1.015876649057658732e+01,1.012447457886773527e+01,9.288815497905494212e+00,9.695281278359470178e+00,9.712868938182797507e+00,9.850518211484761366e+00,8.896425281623358217e+00,9.059765041046851763e+00,6.908374044164939498e+00,6.372584259594045619e+00,6.801722368260214147e+00,6.590609246188667392e+00,6.073694723276205742e+00,4.167693200512581519e+00,2.241098391209160212e+00
8.398882701530435924e+00,8.329734426274276515e+00,8.424321553721753730e+00,7.638086233497314304e+00,6.747133424222602649e+00,7.321936983332969717e+00,9.571882044816161894e+00,9.708635663406884220e+00,9.321734883517606818e+00,8.191855303711262692e+00,8.221519457465339187e+00,7.626419890874209351e+00,6.757557514303953461e+00,5.741840640578476318e+00,6.300297123009846345e+00,6.657298525791995658e+00,7.399212885585369825e+00,7.838357871758322659e+00,8.393673953126420173e+00,9.411989254657690651e+00,8.568779571281899266e+00,7.972907188664181355e+00,5.043102997979586277e+00,4.872872617435080045e+00,5.423187028556131217e+00,5.621927604035468207e+00,3.677372812299353644e+00,2.857876705733370049e+00,2.683896485010173638e+00,2.826995008951830979e+00,3.183081661567169984e+00,3.260711333030167580e+00,3.229774444763621410e+00,3.066849630783620384e+00,2.136480578649153195e+00,1.900207122457953757e+00,3.005899849096352661e+00,3.006078084519320015e+00,5.238351305081945242e+00,6.080902949009257874e+00,5.673363570880504803e+00,6.812120640037649721e+00,6.467574364676247356e+00,5.545071772512970121e+00,2.440165333525301072e+00,1.420546371527722673e+00,1.768734838228753770e+00,2.808654287010896144e+00,3.586500627819519504e+00,2.923651524581285965e+00,4.184593912916374947e+00,5.640002134280219792e+00,5.278331654005865126e+00,4.915210344045771507e+00,4.496892602704906317e+00,4.877540671104110714e+00,6.391543509322614725e+00,6.578374809625703534e+00,6.420691540083717896e+00,5.430889791566024805e+00,4.216330105388126803e+00,4.050229506461398010e+00,3.644705659594192682e+00,3.214981024585499725e+00,4.139791645666888620e+00,4.173334147674869321e+00,3.605722736731148181e+00,3.571757818400615569e+00,3.152578784494957098e+00,3.280056468266260516e+00,4.328846085075333527e-01,5.522486531855284042e-01,2.994271148826515017e-01,1.028247164614456866e+00,1.188615210988847704e+00,1.431638229745579638e+00,1.563792271792958655e+00,2.344939093230697935e+00,2.161836989193354874e+00,1.396075748355027901e+00,4.257677852924815487e-01,7.154547028565064748e-01,1.538952483204936161e+00,2.369638573012208926e+00,3.784429018911952713e+00,4.286250898653400476e+00,5.470539970127773266e+00,3.702088173556104866e+00,-2.390506494359800893e+00,-5.820901374425488051e+00,-7.231275217863985638e+00,-5.713856456346077195e+00,-3.638270503221062491e+00,-2.132479268860718591e+00,-1.593177464662422826e+00,-1.033740545672026556e+00,3.564904327136146356e-01,5.264552577907878339e-01,1.527559770308997145e+00,1.407095076072554685e+00,-6.687777915849083543e-01,-6.522996318393515791e-01,2.365940932874785130e+00,4.233469664529840415e+00,6.037777496154637547e+00,6.861923517883238510e+00,7.428633186746256278e+00,6.843561191211292360e+00,5.109375215894569777e+00,3.318604502455157590e+00,3.350702464082258913e+00,1.503558940649761588e+00,-1.099521948059133808e-01,-6.087232386029461928e-01,-2.397561540366084654e-01,-1.020158502818378832e+00,-5.138852330163173193e-02,1.176980673151190704e+00,1.618274351557082991e+00,2.173990823426965147e+00,3.380103358703985261e+00,2.268941829900513074e+00,-5.086597548687626924e-02,-1.386955717022801959e-01,2.817433793263460218e-01,1.024034598593085432e+00,1.493584139548489675e+00,-2.033565488665500243e-01,3.515739804948145864e+00,6.304269041202171131e+00,7.003077070745742816e+00,7.232731472895395086e+00,6.535316201602254793e+00,5.293616441397374750e+00,5.703944495931197345e+00,7.247387208186668595e+00,7.309613612083296630e+00,5.209481239072469627e+00,4.474325252973121891e+00,4.113307529069293977e+00,4.031917437191322229e+00,4.560289276033429928e+00,4.812558706456346869e+00,5.487555897157259999e+00,5.138333807575065748e+00,4.948824788953191778e+00,4.804202688674543253e+00,5.495262208625409706e+00,6.183567479727767768e+00,7.339575975647115058e+00,8.538686748132111148e+00,9.457590693392393888e+00,7.561763144370162948e+00,3.880795287736882759e+00,2.698205142833120185e+00,2.991699864049092827e+00,2.500626082661101979e+00,2.792694495599140403e+00,2.747141004357405158e+00,3.339991004667151930e+00,3.839665015776126289e+00,3.402656007913687386e+00,3.365715256022435931e+00,5.583438134550493537e+00,5.955182265420148724e+00,5.028146289127972679e+00,3.509395741720504613e+00,2.458948354583458951e+00,2.720374563382743638e+00,1.985174558227056352e+00,1.769530322602637762e+00,2.913805225944732236e+00,4.017968593749515982e+00,3.524359549781268086e+00,3.109013673548680412e+00,-1.178979282206935181e-01,-5.477140199266938847e-01,5.288397006683472901e-01,1.110171466461721268e+00,-3.774438643917221725e-01,-1.861351590726478822e+00,-7.904017129749395520e-01,1.391043379921471868e+00,3.581570052781832381e+00,3.864758913076475455e+00,4.148191791731691502e+00,4.695252337765573714e+00,6.009840319795661578e+00,6.412628746361514587e+00,6.443162490891575445e+00,7.179614155254688157e+00,6.642074509286036488e+00,6.186048109425268393e+00,3.409526250927914948e+00,3.256977872206014535e+00,3.277505209627845417e+00,3.149760308023223487e+00,3.476151775586455273e+00,4.187025038969133917e+00,5.021314537596961891e+00,6.766708522901052625e+00,8.242229617047721391e+00,8.616106691455520661e+00,9.556123279198004639e+00,9.372579288937613384e+00,9.400594464313883236e+00,7.858744465884664798e+00,7.174701166696620724e+00,5.952846911011571152e+00,5.486222250298834702e+00,4.842983588366383430e+00,5.100036031255401170e+00,3.816162016409243130e+00,3.422831996409520627e+00,4.008621691009590648e+00,6.026640367223956574e+00,6.048394778990480170e+00,6.846183197488567629e+00,7.423071470492242696e+00,7.903964000458679529e+00,8.026996627270735374e+00,7.657615896484911033e+00,6.855307372580839775e+00,6.148498293288286121e+00,6.244669286891491922e+00,4.810333068962062697e+00,2.574651588748048336e+00,1.336706729018746431e+00,-8.846451909879969877e-01,-2.193146569573192206e+00,-2.743939855137716766e+00,-2.819003464765752920e+00,-3.150937437446067246e+00,-4.276385091886987233e+00,-4.116142031620901420e+00,-2.859349071261365172e+00,-2.361676951843481476e+00,-3.240772381328569818e+00,-3.578190279466016310e+00,-6.074968170961972724e+00,-7.519593999852641097e+00,-8.186356858211192744e+00,-7.626100602757055036e+00,-7.747466456163268234e+00,-9.063961992144507818e+00,-1.054165714013035782e+01,-1.080440220675516017e+01,-1.158164882409242225e+01,-1.311159869600113659e+01,-1.505168960411952028e+01,-1.516609216146406069e+01,-1.550527462799793632e+01,-1.599790635794667892e+01,-1.461917488032064583e+01,-1.473636699287565399e+01,-1.276043714598578127e+01,-1.113364808881767765e+01,-1.044682964896121824e+01,-1.001982057497131784e+01,-1.114864740799187892e+01,-1.243799173526728730e+01,-1.255560162696107263e+01,-1.278738958558212957e+01,-1.337709702841215886e+01,-1.285218391073898836e+01,-1.274399055314357376e+01,-1.255183245440864503e+01,-1.154036533606978310e+01,-1.165206632100420236e+01,-1.297767835024662020e+01,-1.354521342773204218e+01,-1.246909091577311202e+01,-1.231014922205558371e+01,-1.225808825443922423e+01,-1.328295578143945121e+01,-1.406127370470503202e+01,-1.442189829211376839e+01,-1.366218062677700829e+01,-1.379001753026399157e+01,-1.356019722144410089e+01,-1.301794743830754264e+01,-1.137622696720753446e+01,-1.145546936505976277e+01,-1.097175254764314900e+01,-1.166670771473639512e+01,-1.209686857955097139e+01,-1.117562824353846196e+01,-1.080569336529993762e+01,-1.021176352099693041e+01,-8.749392371604054475e+00,-8.653746193067625825e+00,-8.373732578595175724e+00,-1.088420843929917403e+01,-1.130493055946167580e+01,-1.066986626152314344e+01,-1.236957695303092741e+01,-1.155565754232384634e+01,-1.089196650660471910e+01,-1.123020857376905290e+01,-1.161493331313049993e+01,-1.033855897390758649e+01
-3.803915615372958303e+00,-3.116235484980302672e+00,-3.113689118327204408e+00,-4.023517073418682699e+00,-5.182652851117000914e+00,-6.047591788633546628e+00,-7.766434995408213915e+00,-9.799655924267897333e+00,-1.113138050529554413e+01,-8.869154513564183162e+00,-8.690318093067595839e+00,-6.530017983113034497e+00,-6.397010880425212598e+00,-7.195319600734726428e+00,-8.620569909783412754e+00,-1.023683305879642447e+01,-1.046877095599787388e+01,-1.035057431458543320e+01,-9.235560754904138747e+00,-8.501349442520519162e+00,-8.172254881118606207e+00,-9.606842320909382948e+00,-9.909470298891880802e+00,-9.923533452198039839e+00,-1.121890519617175030e+01,-9.903001825930708435e+00,-9.526435395478998203e+00,-1.066076654618080433e+01,-1.266899692265202582e+01,-1.604691549446057763e+01,-1.820800305918442419e+01,-1.913397822965134409e+01,-2.152861593084812597e+01,-2.550535090291691276e+01,-2.681825138993908553e+01,-2.520867483571887746e+01,-2.537685960702656374e+01,-2.496206055902767673e+01,-2.485590616134908259e+01,-2.368112981205070966e+01,-2.264906691806605465e+01,-2.243194314273170775e+01,-2.206792090942130713e+01,-2.268013304841270639e+01,-2.500581602926880009e+01,-2.672556152327426204e+01,-2.762203148726024438e+01,-2.500887151483419046e+01,-2.326584609296550710e+01,-2.121584454493252281e+01,-1.961093982890970366e+01,-1.778332692076405408e+01,-1.888830458734426188e+01,-1.692625212672458801e+01,-1.448594222652081065e+01,-1.207232851249387195e+01,-8.496926749425334435e+00,-3.962480424191946238e+00,2.247239713023294061e-01,2.421639676142090192e+00,3.879619644566371761e+00,4.250563412220911275e+00,4.623819394753287071e+00,4.808132690767817685e+00,4.413734472966750921e+00,3.742134882135828455e+00,4.083671962609391137e+00,5.444580428666323080e+00,5.326512727712676920e+00,6.755516803737134701e+00,7.206500915853125910e+00,7.662201217504769346e+00,8.163602425829790121e+00,9.084071912906535928e+00,9.165878363768737103e+00,7.957706337624652626e+00,5.755254811376051549e+00,5.159351967816171225e+00,4.979184900639176625e+00,4.412760552356872701e+00,1.730179503372361038e+00,1.158614112436697763e-01,-1.520207254727532709e+00,-4.327289908892281822e+00,-6.534282121319602510e+00,-7.150042673153668815e+00,-7.616517118401350928e+00,-7.378658916911219556e+00,-6.824287700814196889e+00,-7.926715037997678515e+00,-8.006021359520250513e+00,-6.811956583515133445e+00,-6.872538689521503485e+00,-8.022581744163101547e+00,-8.026507974822816749e+00,-6.252116368368524135e+00,-5.861927826665350061e+00,-5.834023030545032462e+00,-6.793928492658005247e+00,-8.859086766492103138e+00,-8.789883922353615375e+00,-8.577562550218649662e+00,-1.029406210599037763e+01,-1.137206831544846075e+01,-1.159650077689276948e+01,-1.174444026218123049e+01,-1.161989963536150050e+01,-1.005212471260490759e+01,-9.836585332213395816e+00,-8.654729698348623046e+00,-8.285142767628217442e+00,-1.074542748587785468e+01,-1.085466639028740943e+01,-9.903769726695150766e+00,-9.731685710167814918e+00,-8.322308807275881293e+00,-6.620422176666716396e+00,-4.600024159297785076e+00,-3.771459114052479578e+00,-3.329582222162024596e+00,-2.836285723550386439e+00,-3.393123543059831881e+00,-5.349571801931315207e+00,-4.466984643389443121e+00,-4.176852224577178418e+00,-3.351321805071704851e+00,-2.550375850990186599e+00,-2.795376054861845372e+00,-2.584185083520765147e+00,-3.269004762412140774e+00,-3.386696261810490771e+00,-4.358212523566503904e+00,-5.123008734142167953e+00,-5.520671648829945433e+00,-7.257491955075352941e+00,-8.933996303953563256e+00,-9.799224512849765034e+00,-8.469360336494238695e+00,-9.268913238268414290e+00,-9.754915056318402833e+00,-9.801280225768149279e+00,-1.006806927557056675e+01,-9.714512682588454240e+00,-9.959039399188791108e+00,-1.116833640786486370e+01,-1.120216628270093828e+01,-1.208220411171137165e+01,-1.372236213961945950e+01,-1.315223850161862273e+01,-1.311025635002836687e+01,-1.173737686360354360e+01,-1.131491683483869259e+01,-1.088649333632025851e+01,-9.907728314577147088e+00,-8.843465292725165128e+00,-9.077931736986883493e+00,-9.878009668781693620e+00,-9.222092493794225021e+00,-8.242424875336949341e+00,-8.719599957693409564e+00,-9.359230753439723216e+00,-1.052972753993241994e+01,-1.255897659602081795e+01,-1.305323089309202800e+01,-1.369858373836714804e+01,-1.258036738704367252e+01,-1.229596249101912875e+01,-1.308878277414495805e+01,-1.356905595887904781e+01,-1.205177343272312385e+01,-1.204014444477810031e+01,-1.142298533348136935e+01,-1.043455449616467057e+01,-9.763519418015832230e+00,-8.218144286711485336e+00,-9.335578607390328187e+00,-1.257160641182902516e+01,-1.438471533655243739e+01,-1.532123117113464872e+01,-1.631092849424774371e+01,-1.628945841963311381e+01,-1.439598236140323451e+01,-1.441090774949394948e+01,-1.374066906906808327e+01,-1.438225934510039039e+01,-1.434267862360754542e+01,-1.334816815946319934e+01,-1.431709482596316185e+01,-1.704924116393198119e+01,-1.946643634700895120e+01,-1.853455531761991537e+01,-1.856161122556518350e+01,-1.746249447610628636e+01,-1.726889647126539273e+01,-1.667759148502684852e+01,-1.862470483269588684e+01,-1.810953700373163500e+01,-1.777117887060090595e+01,-1.758225424505947032e+01,-1.753360617488156592e+01,-1.599231998122363407e+01,-1.451718500968380710e+01,-1.526057518912541333e+01,-1.637004548094503775e+01,-1.606315095700952611e+01,-1.681497931070209972e+01,-1.768417243153492180e+01,-1.857886816747497249e+01,-1.799777454473196414e+01,-1.739655904441193002e+01,-1.633404388109508432e+01,-1.564931925411307034e+01,-1.448749694180826353e+01,-1.432425835131264513e+01,-1.318459800250022163e+01,-1.195925442006815231e+01,-1.100652547103604384e+01,-1.145682968992130313e+01,-1.181569351450947458e+01,-1.169770997499025889e+01,-1.071344398458822766e+01,-9.769034523821773064e+00,-9.850676621474141470e+00,-1.015136279510915607e+01,-1.068044757660260480e+01,-1.126848810626355224e+01,-1.165930996129543118e+01,-1.199758275042172073e+01,-1.190412580601070225e+01,-1.273571405639012610e+01,-1.434888629411000949e+01,-1.492345899354856087e+01,-1.491483913401884998e+01,-1.449076533591508209e+01,-1.532553566070328266e+01,-1.660412520705715167e+01,-1.644802646769418786e+01,-1.428525944808675341e+01,-1.384735623679826588e+01,-1.176711405704106106e+01,-1.128862519369922168e+01,-1.132279493749644850e+01,-1.037914629134873579e+01,-1.031131016072866302e+01,-1.165116156868964836e+01,-1.119356063650300470e+01,-1.093423966029140715e+01,-1.012885888928970068e+01,-8.935405868074063562e+00,-9.210302775741437742e+00,-9.465804245074412648e+00,-9.381207964662110044e+00,-1.031977404913039287e+01,-9.744169408294062862e+00,-9.982563512249827298e+00,-9.033047115034900543e+00,-8.415633490131579464e+00,-8.046484745312140419e+00,-8.185158749124255451e+00,-8.141929980008400847e+00,-8.083013857191252427e+00,-8.059619001408773187e+00,-7.841572477738854019e+00,-7.293279952061684668e+00,-6.581298134831998325e+00,-6.183066031592639789e+00,-5.393931534435195019e+00,-4.702103774600762343e+00,-2.682509965845284228e+00,-3.034670282236567207e+00,-3.148954397550919992e+00,-2.780768625368800873e+00,-1.922994111261688621e+00,-1.153125522320874730e+00,-6.913595385783348757e-01,-1.938034888069300465e-01,2.451388331582180780e-01,4.652098260876046387e-01,1.251948475827717733e+00,1.298987417759633889e+00,5.566116020752872595e-01,-2.500441170589121631e-01,-1.806956926157672783e+00,-3.742512588824348452e+00,-6.454052691103473016e+00,-8.507594257603880550e+00,-9.628708556375967120e+00,-1.040228837039517806e+01,-1.132622708961547175e+01,-1.065448267806594806e+01,-1.050083193779770063e+01,-1.020681929883567740e+01,-9.934921344976718416e+00,-9.349333378538812411e+00,-9.345843249845422918e+00,-1.119471551166477497e+01,-1.443856935707287370e+01,-1.427863967487859398e+01,-1.317654189602532533e+01,-1.275236813457770957e+01,-1.251912849629852253e+01
-7.411905221125667076e+00,-8.618161541969620032e+00,-1.113176142332681096e+01,-1.152074308697502758e+01,-1.248346759613759183e+01,-1.245021945814696096e+01,-1.132596332909653292e+01,-1.003364564664854619e+01,-9.760350442831748907e+00,-8.949033984256105967e+00,-7.985670064745481689e+00,-7.263109147626634510e+00,-6.009063999893726304e+00,-6.171716002054461470e+00,-8.014751161638406174e+00,-8.810202995965262573e+00,-8.581469161538267443e+00,-7.068710945509030452e+00,-6.380255205729783441e+00,-5.355452920104162295e+00,-4.984146292077644702e+00,-4.723663889880524991e+00,-4.186408138524092770e+00,-3.875467706294716042e+00,-5.001460412464100891e+00,-8.355351040609351188e+00,-9.997255572460687745e+00,-9.266453075282633733e+00,-8.791691239779810374e+00,-7.280167271414848429e+00,-7.975337804163352473e+00,-7.571689322299520519e+00,-7.811696720741613476e+00,-8.514175176831230374e+00,-8.743463234801263084e+00,-8.856828676768390807e+00,-8.128617028432147507e+00,-7.706025911382269555e+00,-7.153574552623734206e+00,-6.557691858839425514e+00,-6.489588937789340761e+00,-7.108959178800113854e+00,-9.072124020882991857e+00,-9.183876850841768302e+00,-9.690409869112444952e+00,-1.148033199131306148e+01,-1.079585744001948910e+01,-1.160798442715284473e+01,-1.046049440392688545e+01,-9.407839400389368834e+00,-8.304482950559778587e+00,-7.472905315761314782e+00,-7.808763827925799816e+00,-6.530488265259727143e+00,-5.670311985497108687e+00,-5.304276659544082229e+00,-4.617150420263087085e+00,-6.470184475096992571e+00,-8.574078012466097576e+00,-8.324261814920886238e+00,-1.026748169361555263e+01,-1.267473383629910444e+01,-1.624417604500278856e+01,-1.596788023395767198e+01,-1.660143271925942798e+01,-1.470679997999137001e+01,-1.289190724053872472e+01,-1.155216365615231311e+01,-1.166743295919822820e+01,-1.081886396927329841e+01,-1.195789875983349049e+01,-1.456315984646482420e+01,-1.559845391316739160e+01,-1.487016429622556934e+01,-1.421034689504113757e+01,-1.412708325794762132e+01,-1.416852348239016557e+01,-1.311185791732409989e+01,-1.236645578214391428e+01,-1.081884438427669970e+01,-8.594498237269935004e+00,-6.979112623776204671e+00,-5.224891229208820320e+00,-3.039380482122409965e+00,-1.906747449121637183e+00,-2.380355241675947919e+00,-1.788763657955241282e+00,-1.629795866846857066e+00,-1.949715890838306542e+00,-1.019557112722767167e+00,-1.565839890232732512e-01,-5.191296177229798303e-01,5.873681848287846119e-01,1.248381615243587817e+00,5.075420616822801101e-02,3.722219008985450106e-01,-5.526287936846646653e-01,-1.652897288445913729e-02,-1.773188683006113209e+00,-5.659658567518456529e+00,-5.605406309373474727e+00,-5.203663683010812946e+00,-5.828028767301579371e+00,-6.039391138290634231e+00,-6.745098208885163871e+00,-5.586998409173839164e+00,-3.733514374608180031e+00,-2.534034024881814062e+00,-3.049028237207015213e+00,-2.614816354756389405e+00,-2.486124572533168209e+00,-1.424323881049842644e+00,5.139515503474301195e-01,-1.956010683973359310e-01,2.851922975902449961e-02,1.176759828521996232e+00,4.358632263120010286e-01,-5.309739023758526244e-01,-1.347598981906256987e-01,2.327750658753842961e-01,-1.101194907757275798e+00,-1.709234907507424461e+00,-5.222190633106894353e+00,-5.302735826780882178e+00,-6.413580117384324097e+00,-5.914770658432201955e+00,-5.923902247650464581e+00,-6.835657703622803893e+00,-5.892221293536253235e+00,-5.115993759842091926e+00,-5.805504313862067889e+00,-8.431942655091235750e+00,-9.268399021454726494e+00,-8.588882530684449179e+00,-7.636584740450628850e+00,-7.331515969416336098e+00,-6.991174433956016010e+00,-6.440194998629385381e+00,-5.540464387572924032e+00,-4.692595472993958516e+00,-4.268868815982798992e+00,-3.115209903863584540e+00,-3.463354964331840868e+00,-3.289360287027514929e+00,-3.554908943574725644e+00,-4.600114927976858503e+00,-5.585416021360849470e+00,-4.389253003262644448e+00,-2.932630139409157177e+00,-6.749621210774201963e+00,-8.446349277127094268e+00,-8.719091991862189417e+00,-1.017068919670061078e+01,-9.234719120356627897e+00,-8.201802782298807770e+00,-9.358459333887363840e+00,-1.119928126972179427e+01,-9.801348713968826232e+00,-1.178663562507672502e+01,-1.291117236977299676e+01,-1.355336796100431940e+01,-1.711562664435750492e+01,-1.879327995666339390e+01,-1.752643631464901119e+01,-1.713445059780368851e+01,-1.533079255420385500e+01,-1.457224453832172273e+01,-1.554421349107828831e+01,-1.838158665035530603e+01,-1.878211190409747999e+01,-1.785808814767650432e+01,-1.901231842039033637e+01,-1.828515728690470254e+01,-1.611933576662714884e+01,-1.603329439404010159e+01,-1.483402013812474962e+01,-1.260394602840081468e+01,-1.200459940761217936e+01,-1.098840264990139204e+01,-1.023051291273438856e+01,-1.105050463304420383e+01,-1.053738949296987393e+01,-1.084991590781908322e+01,-8.033360087359616486e+00,-8.547994326272181809e+00,-8.303890362776559897e+00,-8.558825682881067820e+00,-8.986571509361171550e+00,-9.053183740504813670e+00,-1.081092300605142142e+01,-1.416496004418015886e+01,-1.308115844426490249e+01,-1.139579937189312453e+01,-9.797655010368588435e+00,-9.379698580252568973e+00,-9.350874346281715432e+00,-6.866840897724364012e+00,-7.106783350078992534e+00,-8.758239188759558758e+00,-9.175888187956271480e+00,-7.485103804523521198e+00,-4.814783383711248810e+00,-5.166128559240294571e+00,-6.169697372111489386e+00,-5.687314711307439374e+00,-6.611678370119681958e+00,-8.805449500954923181e+00,-9.939536536945469791e+00,-1.003042966565288019e+01,-9.315802721148532584e+00,-1.050349136406721584e+01,-1.009976944212439243e+01,-1.098926906455974262e+01,-1.010988590372224039e+01,-8.901090158313815337e+00,-8.714381066534301112e+00,-8.860020104061936408e+00,-8.678437751483658147e+00,-9.311555074556482126e+00,-8.715816541438302423e+00,-8.525155601721710497e+00,-8.310360763471152268e+00,-7.636292774334484612e+00,-7.166401509829261052e+00,-9.071313572605737008e+00,-1.005869931941587225e+01,-1.182128980026664600e+01,-1.180124857667892080e+01,-1.098079747665434525e+01,-1.163227653516914195e+01,-1.308812956175881226e+01,-1.572471946486564320e+01,-1.482399709777840613e+01,-1.513774133673862288e+01,-1.652628615330459994e+01,-1.756053887730161733e+01,-1.878668095839604035e+01,-1.784195789639182905e+01,-1.599563878971908082e+01,-1.513997822723565001e+01,-1.528634208449770426e+01,-1.570530545356630547e+01,-1.437459659529313249e+01,-1.195969117188088937e+01,-1.225935181356672032e+01,-1.137248408691598200e+01,-1.041850001131113501e+01,-1.003002230574848674e+01,-9.722876053632436566e+00,-8.870019606668183343e+00,-8.463951717031882538e+00,-9.841151725850940224e+00,-1.154559870018361067e+01,-1.111407340865698856e+01,-1.076068540655967709e+01,-1.033998340345169886e+01,-9.087308911994833593e+00,-8.099718900941535793e+00,-7.446205901328206700e+00,-7.826335715519186387e+00,-7.275651113086455624e+00,-8.143594386504400262e+00,-8.302595587272477928e+00,-1.028099769931660568e+01,-1.166653693201732978e+01,-1.171076615701493040e+01,-1.192923578177405197e+01,-1.256448075858548918e+01,-1.398993418050197235e+01,-1.285047314705217225e+01,-1.208521600191333611e+01,-1.121122761627154141e+01,-1.094456538640063670e+01,-1.001547768159602292e+01,-1.034756179504775275e+01,-1.076689934990746877e+01,-9.176559118626405720e+00,-9.321769696847256981e+00,-1.031162081119266460e+01,-1.095744108860839106e+01,-1.245778467682964141e+01,-1.401739934231547480e+01,-1.446259124237613669e+01,-1.458384896972022204e+01,-1.297683588222849949e+01,-1.146497127679434413e+01,-1.082249403278440170e+01,-1.083024333479486856e+01,-1.121723244662776509e+01,-1.091252471814859426e+01,-9.781541935381968145e+00,-7.537195163016567889e+00,-6.648499957145017625e+00,-6.092201597889333797e+00,-4.402017084385295043e+00,-2.325203982888933485e+00,1.502784380574053169e-01,1.041452027955776183e+00,3.084250941341019736e+00,4.435420742588465082e+00,5.239679756974831015e+00
1.084769796890597826e-01,1.150081936419456774e+00,-9.715438682556359895e-01,-1.328605210795779534e+00,-2.895792983189203085e+00,-4.961142629308428198e+00,-6.073892903540433430e+00,-7.355093843818012012e+00,-7.841660641024821743e+00,-7.766633254773423367e+00,-8.347154253469390994e+00,-1.107894466392470711e+01,-1.111269008027760385e+01,-1.074130177394355989e+01,-1.204767393302916290e+01,-1.232401275397316986e+01,-1.318519696602908731e+01,-1.298221050505141605e+01,-1.140265660786212543e+01,-1.076061387846196737e+01,-1.192094021027115858e+01,-1.267614109314169113e+01,-1.338731524784209448e+01,-1.416658460711383505e+01,-1.491823916051282062e+01,-1.539332590768281506e+01,-1.664107103418468014e+01,-1.682377752579219887e+01,-1.557704501480603732e+01,-1.363516179377361226e+01,-1.263199224402443654e+01,-1.211651750047991349e+01,-1.269097325569268619e+01,-1.362116547426726676e+01,-1.551238303348186420e+01,-1.666461968586942888e+01,-1.891893674190884411e+01,-2.119782296438132363e+01,-2.310979486049388854e+01,-2.451973423415248377e+01,-2.597412213050868601e+01,-2.597624898714322228e+01,-2.687877536139582091e+01,-2.725403905467493360e+01,-2.606356972749284751e+01,-2.429799033335686076e+01,-2.402671251974920352e+01,-2.451812840280539163e+01,-2.567218753400190678e+01,-2.428412419915096976e+01,-2.430814221199091207e+01,-2.395462648153730711e+01,-2.434748639358776146e+01,-2.558244730536536338e+01,-2.493720889481996394e+01,-2.568120579505373513e+01,-2.380797111133877664e+01,-2.453342720803974686e+01,-2.304668825010405797e+01,-2.295394000168324666e+01,-2.148056767869396921e+01,-2.223921306758718330e+01,-2.127838649669931570e+01,-2.091713350347962574e+01,-2.139263831922176706e+01,-2.218843032717705555e+01,-2.194846150112724814e+01,-2.216192795648775515e+01,-2.259886635254747844e+01,-2.115407705128811244e+01,-2.224051116785247117e+01,-2.152858396043589906e+01,-2.079690167786924704e+01,-2.096238637357694756e+01,-2.059035652963773444e+01,-2.112424330094526326e+01,-2.021060789401078495e+01,-1.940601524575384929e+01,-1.839653764667792046e+01,-1.814680566904530679e+01,-1.715943054171405890e+01,-1.547033390681781029e+01,-1.428939727100310897e+01,-1.405285827905230711e+01,-1.442810856938464958e+01,-1.708261796720264769e+01,-1.560219749623191099e+01,-1.570644661261407649e+01,-1.742733168155639234e+01,-1.811702728064181045e+01,-1.797677828600824412e+01,-1.826608874672101379e+01,-1.672966309173842703e+01,-1.739667961103095450e+01,-1.728405924615649525e+01,-1.750239421414431007e+01,-1.963366947996589218e+01,-2.042289161009833620e+01,-1.897617824299387479e+01,-1.794454856394705189e+01,-1.653451894812716105e+01,-1.630984390087369817e+01,-1.751643286911792075e+01,-1.795521356374573685e+01,-1.812222266796050718e+01,-1.917951016679570486e+01,-2.019417375556774630e+01,-2.117238434454079155e+01,-2.230046853643534988e+01,-2.294112603001202899e+01,-2.291868680411267079e+01,-2.261141598803792974e+01,-2.155405504185690191e+01,-2.024806462854829192e+01,-1.860202108848924851e+01,-1.933944747295135258e+01,-2.032413582012157605e+01,-1.968026549908102751e+01,-1.839739388435112488e+01,-1.910120049462195624e+01,-1.752009309118753677e+01,-1.619568365167437918e+01,-1.610501753675588787e+01,-1.627836575732694868e+01,-1.502332742144172251e+01,-1.524285087315932152e+01,-1.339091698988159784e+01,-1.241607769879305678e+01,-1.133390892624229274e+01,-1.029667764923857298e+01,-9.862608267761322267e+00,-1.058622900789424470e+01,-1.075775187481001538e+01,-1.072892426432239787e+01,-1.166432535302842233e+01,-1.343219295263607194e+01,-1.464592114946655776e+01,-1.668816140041585427e+01,-1.600644239260520507e+01,-1.576284914038249418e+01,-1.634258554464017976e+01,-1.599943307412953786e+01,-1.418077536835105690e+01,-1.333832435612379719e+01,-1.155010319064177260e+01,-1.137401161077917422e+01,-1.104084459445645372e+01,-1.087587666980461165e+01,-1.148242860299531642e+01,-1.168182873840937397e+01,-1.163168218691882849e+01,-1.113660605111800095e+01,-1.261025506087390369e+01,-1.190753685709554333e+01,-1.183104679394423897e+01,-1.034417540305484806e+01,-1.061641766939285070e+01,-1.083811448390413901e+01,-1.250301610848980616e+01,-1.297264212811543693e+01,-1.428951879118268131e+01,-1.570171723695358601e+01,-1.538341745542239458e+01,-1.332039685859170142e+01,-1.260125142500865003e+01,-1.295588718414746943e+01,-1.196476570623354796e+01,-1.307758243534189369e+01,-1.262140804388710613e+01,-1.189568983800618973e+01,-1.177147177041850412e+01,-1.063080475053193119e+01,-9.791705074532403685e+00,-1.003470037514153645e+01,-1.067728234433897860e+01,-1.071188588053274415e+01,-1.092434144062014134e+01,-1.044589379033806686e+01,-1.012155327364734347e+01,-8.868493920870822222e+00,-8.092250625631352889e+00,-8.185239414402293079e+00,-8.753107627478231123e+00,-8.168214227110814463e+00,-5.511726214687041825e+00,-5.996437457742779920e+00,-6.285463857940201571e+00,-5.004126704988448360e+00,-4.559393300254433790e+00,-5.120075685897745643e+00,-4.263375622080823213e+00,-1.740429060206698519e+00,1.242956754132578112e+00,2.650549652058843186e+00,3.633343590183673033e+00,4.800164464931959252e+00,4.854367990083044759e+00,5.776261970657522227e+00,9.639983289584172610e+00,1.013600842647250921e+01,1.000963236411964985e+01,9.447382320223081109e+00,7.322367573811559893e+00,7.683368185617688084e+00,6.126895588364808631e+00,4.146063657697070859e+00,-4.120969478784645701e-01,-1.129845763231169142e+00,-7.454363667449481756e-01,-1.903592617849904078e+00,-2.439322627264806531e+00,-3.233193513736179359e+00,-4.537978657444392994e+00,-5.836505291120722028e+00,-5.938466802810902223e+00,-6.834066804483462931e+00,-7.066345202539030979e+00,-5.490948830208449927e+00,-3.510851690620619969e+00,-4.587795098801884741e+00,-5.726547948339129945e+00,-6.753124661575572674e+00,-5.387603039338514144e+00,-4.621025652228776259e+00,-5.093207130626191237e+00,-5.284700303726913795e+00,-5.634097125506178472e+00,-4.620124054935770275e+00,-3.675457276333594869e+00,-3.888947790541662286e+00,-4.718503393375704569e+00,-5.880185466419544760e+00,-6.812731768791917553e+00,-7.657809179147484713e+00,-6.990425239378176947e+00,-4.676732814241712610e+00,-3.424553723774820480e+00,-2.721632122121597774e+00,-1.472936583437885805e+00,-1.956558458273539802e+00,-3.929790144609405900e+00,-4.435329687097194551e+00,-4.304484644029750839e+00,-5.369944344045868512e+00,-5.857345620638088057e+00,-4.737012773538389787e+00,-5.686562455641716696e+00,-6.134680573831613692e+00,-5.413437059296029474e+00,-6.374123389305358600e+00,-5.557125800428185158e+00,-5.058676514056748452e+00,-3.761227001906370937e+00,-3.622728127251212626e+00,-3.316234532648535627e+00,-3.159790200569329688e+00,-3.077692215785944985e+00,-1.490158700000537850e+00,-1.120607629933636051e+00,-9.138087648945658614e-01,4.762622334775853949e-01,2.462538562762133232e+00,3.139754106016850344e+00,3.192322532978479899e+00,2.919145550124988553e+00,2.082326915019804825e-01,-1.278974321268845360e+00,-1.837098136414201388e+00,-2.066930159418615354e+00,-2.432388060733538193e+00,-2.998791932591878151e+00,-2.681773921112319936e+00,-1.470617849477116934e+00,6.815750997744549067e-02,1.355648015150437979e+00,2.863789032150855896e+00,6.115043545167195838e+00,8.799313829624592742e+00,1.044548215532966395e+01,7.255498747161971629e+00,5.566358556418706804e+00,5.129598886863499629e+00,3.635268439069609059e+00,3.386743587323663540e+00,3.808641089494135379e+00,4.520864488924433822e+00,6.480074196495894334e+00,6.926860791176304488e+00,7.272627642209410936e+00,8.161835990015608999e+00,9.443566002278341642e+00,1.060388957662805254e+01,6.515074900711989692e+00,4.814269854380100355e+00,5.297631193121650206e+00,3.731027484842670106e+00,3.206559224527216312e+00,2.279987001119421208e+00,2.084266592342896907e+00,1.578780633584980331e+00,1.821795858045151428e+00
6.367224626521277742e+00,7.198268479920467477e+00,6.785064678640227775e+00,6.222127797491062040e+00,5.898575523698553091e+00,6.358310958461427020e+00,7.279173287963465633e+00,7.629211714134204847e+00,7.006975711671481477e+00,7.447363457876275739e+00,7.975116964580855061e+00,8.603189341512308630e+00,8.399675464518999490e+00,8.093319804864867351e+00,6.559921848781956832e+00,5.836728107880253980e+00,4.480931673823088879e+00,5.031305033361063828e+00,6.072087629427083577e+00,6.571466492183513530e+00,6.455582692682433787e+00,5.976930191823287331e+00,5.843921096752488609e+00,6.012231070712837244e+00,5.116151271544335799e+00,3.886472868203485920e+00,4.812281567522452619e+00,4.875923344186633202e+00,7.445599530544568800e+00,7.847263162185858398e+00,9.182803896782035125e+00,1.069089083166009324e+01,1.070096647951140234e+01,9.844769287317342688e+00,8.755686614546574376e+00,7.707260896164581432e+00,8.883514025466473285e+00,8.790411300746061585e+00,7.486447663630817928e+00,8.306962057478122219e+00,7.966591746413148378e+00,7.561136126103564337e+00,7.750467406344873744e+00,7.369112132983644869e+00,6.323937715955711525e+00,6.502138195431426126e+00,5.948289916026077151e+00,6.775079607831095529e+00,6.097895237170464888e+00,4.881535325676282788e+00,3.674581142293377400e+00,1.979547205800711085e+00,1.767036363765940754e+00,1.327689034227464315e+00,1.408495972151602382e+00,1.850337720305914369e+00,1.261687985119824607e+00,1.051349426154785327e+00,2.252136562661997576e+00,2.664142191044047703e+00,3.448812975095328248e+00,3.111285393665577992e+00,2.398543408159864665e+00,3.091173681682114260e+00,3.330307619604892189e+00,3.028179664368889412e+00,3.817903728166621491e+00,6.379283276345635301e+00,6.425352044351187786e+00,7.769800154298681427e+00,8.588541557172954199e+00,9.553323324549642948e+00,9.853031391225085756e+00,9.258510930534956884e+00,8.978855329564780163e+00,9.097276651938773995e+00,9.044131566956947310e+00,8.771279654157597250e+00,9.589753633710964564e+00,8.624381829146889444e+00,7.761253500956604157e+00,7.045954874589696715e+00,6.434019651765519043e+00,4.639420083539659068e+00,5.107833174706073898e+00,3.952098645568348445e+00,4.771631800722044403e+00,4.150008977697028811e+00,5.839294256081699608e+00,5.557244450202983188e+00,5.299977434033937840e+00,3.371352356104554193e+00,2.768458942321098348e+00,2.856580824388272877e+00,1.626607079654656562e+00,1.881120780242363066e+00,1.757556340800623396e+00,1.567091403612776546e+00,2.369562168221471588e+00,3.747208451969261667e+00,4.007006021446479771e+00,4.637857535990615787e+00,5.591617272904966462e+00,6.102856708891832405e+00,6.867665513178361714e+00,7.738600640219072346e+00,7.721114850565604648e+00,7.424043916844414781e+00,6.145066361476716921e+00,6.031612690880654881e+00,6.454876294167367412e+00,6.346725394893207195e+00,3.450546019411182108e+00,3.607575289975235577e+00,2.496457226984497346e+00,3.027031475239007730e+00,3.513413234493349968e+00,3.087617381371451142e+00,2.836047584206261796e+00,2.524439451202125539e+00,3.366439449567440345e+00,2.788814903923765520e+00,1.510054530424631780e+00,3.273422930288100163e-01,2.373233335291404511e-01,7.636333598194853245e-01,1.788570030549851309e+00,1.797566898590894358e+00,1.385220504604687708e+00,3.302647086313901692e+00,4.137549750677270488e+00,3.089503104088154206e+00,-3.039085510038257443e-01,-1.990882134284064797e+00,-1.249959148868400594e-01,5.458223960482904147e-01,1.726690529126665652e+00,1.964289488864082500e+00,2.556900105535667933e+00,1.259823404993686724e+00,1.678069278440488254e+00,2.172200756664059540e+00,2.352731071942896435e+00,1.743230525353938409e+00,2.149475346034470657e+00,2.059323201449158258e+00,2.852087247016176441e+00,4.188242506114735697e+00,2.584117456910082655e+00,3.202987272301168087e+00,3.287348191614589688e+00,4.135200356101549346e+00,3.764995724783855913e+00,3.498363572121728104e+00,3.821271903609185561e+00,2.306761345329178425e+00,3.076261602565587783e+00,6.699851807947931448e+00,7.781896319280060759e+00,8.346260874940258034e+00,9.390003512515029627e+00,1.000521970509805314e+01,1.011518758511810745e+01,8.866210379580666157e+00,8.880028398358065900e+00,8.554925853849272954e+00,8.839378426730654326e+00,9.610534321558183990e+00,8.110724462020931114e+00,7.326001628066122429e+00,7.644871980473568307e+00,7.785989286586578295e+00,6.293566590775934166e+00,4.531544099948828119e+00,4.583104276639742736e+00,4.745788337201043205e+00,3.490759490587433067e+00,3.034259129159300628e+00,4.565684390819149563e+00,6.063319829173798858e+00,6.183699677053105859e+00,5.981483151202328763e+00,5.848381821903349653e+00,5.555004102685402678e+00,4.942770909946447411e+00,3.863463120511672511e+00,4.514563440025105123e+00,5.740665374299156021e+00,5.719316709714947322e+00,6.951356476953492347e+00,8.338573332297920970e+00,7.641114663599658741e+00,8.313284219291510624e+00,8.446078914523813097e+00,8.738600897694519531e+00,9.441323017961025243e+00,1.028159911213893452e+01,9.807996320314874339e+00,1.093066949894201656e+01,1.011871859388655537e+01,1.065445897415916932e+01,1.025525169685500870e+01,1.019709728443616115e+01,9.634182377565601030e+00,1.008194859889240824e+01,1.097504012296188769e+01,1.148686528361815995e+01,1.197427077594210054e+01,1.125537232774919261e+01,1.146058709425122757e+01,1.249367003192062775e+01,1.213732830592338630e+01,1.088228825203847627e+01,1.079309295095545806e+01,1.155229733428152450e+01,1.248749782765350425e+01,1.295867363786059556e+01,1.274419627411327660e+01,1.144541918599537489e+01,9.821919958854351762e+00,8.376236173557538578e+00,8.898218395301883632e+00,7.895189262086707238e+00,7.791362088818359233e+00,9.285551708532461035e+00,1.024544030413078488e+01,1.052169039977045983e+01,1.086885230972115579e+01,1.197459054796670941e+01,1.256637673607897199e+01,1.164729883186305948e+01,1.081199548776943686e+01,1.037974160961648451e+01,9.500473341564944718e+00,1.015619337600865357e+01,9.644690496358515830e+00,6.338887044247328184e+00,5.199172271727632300e+00,5.611406892632439636e+00,5.490403054829422480e+00,4.593531351869510004e+00,3.384341448969809374e+00,3.585797134565161581e+00,4.359453811004420309e+00,4.401253399645934650e+00,4.325610780484673512e+00,4.293566994479415477e+00,4.036297055635282405e+00,3.585605238201721612e+00,2.831599071673560619e+00,1.691525610136165314e+00,1.354185324445710936e+00,9.356049675295053936e-01,4.238018073282124321e-01,9.356671213657431763e-02,9.116906842595696725e-01,6.482785395827970198e-01,-9.084940147859744686e-01,-2.240313911074173436e+00,1.385357229042585292e+00,3.342729767422686571e+00,5.790690541281344750e+00,6.623321593769245119e+00,7.054962662430228626e+00,6.436617255577047558e+00,5.369000875298312714e+00,4.992585333751965671e+00,3.592169904808563352e+00,4.308026703675516877e+00,4.413720408541975004e+00,4.598304724979338509e+00,3.731846715906924405e+00,3.690717085871714209e-01,-3.698958521433325153e+00,-7.259424047051743045e+00,-8.326910641106515243e+00,-8.218055374917913269e+00,-7.819091615703206877e+00,-8.008500033156771281e+00,-7.372838300928678201e+00,-7.057385896798164637e+00,-7.288347062076418581e+00,-6.378372514297366180e+00,-5.159038891100895974e+00,-4.805208348847589406e+00,-5.536178836413402138e+00,-5.183507447904787568e+00,-4.633944272180942292e+00,-5.463702509607579749e+00,-6.613332259093864351e+00,-5.957988971189180027e+00,-4.029704836788113198e+00,-3.039609437755155241e+00,-1.974999641037969544e+00,-1.294601565614646566e+00,-2.359480297310378116e+00,-1.769588839367084665e+00,-1.837368541796377874e+00,-1.744888154269455427e+00,-1.972383419877681510e+00,-1.970800239179169466e+00
-1.218667441238254767e+01,-1.229381871809433768e+01,-1.265140766536258177e+01,-1.539192146630948521e+01,-1.434292745902171973e+01,-1.325921502638484384e+01,-1.353816933049285076e+01,-1.279450940847777218e+01,-1.188776454272099592e+01,-1.233669705579041853e+01,-1.222764412244188392e+01,-1.146674767313463050e+01,-9.750605964915351365e+00,-1.030512243337979505e+01,-1.061998852912205749e+01,-1.002880761300619383e+01,-1.165029846634475952e+01,-1.055404883537915239e+01,-1.094436957749018546e+01,-1.032820461043919913e+01,-1.083043066080042927e+01,-1.341852317676592321e+01,-1.531631521400355034e+01,-1.788023024470288291e+01,-1.948045799164885494e+01,-1.992997336426133970e+01,-1.978858629444260586e+01,-2.041960522357448582e+01,-2.007631574223463389e+01,-1.747650364165807702e+01,-1.742198407838986185e+01,-1.760574812310931492e+01,-1.720323040281283511e+01,-1.662316032457723480e+01,-1.547569696796240102e+01,-1.481340735465070324e+01,-1.496394478175816722e+01,-1.528787441830512783e+01,-1.485006251086666573e+01,-1.336156212563942347e+01,-1.273878794308439488e+01,-1.299561431689950552e+01,-1.236977547091703222e+01,-1.256685271396094983e+01,-1.393884430956502563e+01,-1.410736016268303850e+01,-1.334771161499234182e+01,-1.413196153411962541e+01,-1.410263443357770363e+01,-1.402836832550845969e+01,-1.360473239409317259e+01,-1.302057387605372796e+01,-1.200719839922063059e+01,-1.179540538929300908e+01,-1.134585343123569956e+01,-1.182068174815976569e+01,-1.225518681809778343e+01,-1.343903306374838813e+01,-1.250047957411799970e+01,-1.004131681053664238e+01,-9.770851605902318937e+00,-9.200073840934082980e+00,-7.682813804072588404e+00,-7.680215896062827063e+00,-7.384860659446792930e+00,-6.873771753546058072e+00,-5.749810719929457470e+00,-5.711391985766463897e+00,-4.271161482629280748e+00,-5.634411030522505470e+00,-6.367154793929041823e+00,-5.769568226508031472e+00,-5.035166175091167595e+00,-4.746424365311114002e+00,-4.822976689392501015e+00,-5.238001492964148298e+00,-6.415136414350623539e+00,-6.300086617871729189e+00,-5.465053944926277829e+00,-6.040046279730603374e+00,-6.201896172329282919e+00,-6.914405276015418877e+00,-6.572310822931533458e+00,-6.091851623694017448e+00,-5.704948498205393292e+00,-8.066882797320811704e+00,-7.574754847104658850e+00,-6.667848748280915672e+00,-6.001433654108716098e+00,-6.278812990983989373e+00,-4.544327429490261139e+00,-3.376697709743792686e+00,-3.286687479630737485e+00,-3.851892467556416122e+00,-4.345390288758386177e+00,-4.571987858986861220e+00,-5.376029021091441429e+00,-5.119448263560436807e+00,-4.490578545345130124e+00,-5.750542371926342433e+00,-7.104114752317145509e+00,-7.583490388110162073e+00,-7.357798103362293674e+00,-6.936721998312301629e+00,-8.181642594191679052e+00,-8.999024274192326089e+00,-1.109647746704003701e+01,-1.197012771577446166e+01,-1.154606068401224839e+01,-1.110767690317401524e+01,-1.139396941844029065e+01,-1.195403103219008401e+01,-1.089332801701180387e+01,-9.651297239696575048e+00,-9.564717762902972709e+00,-9.471424366941329609e+00,-9.379149344409990263e+00,-9.281335744967311285e+00,-9.100429207051547564e+00,-8.661445777766795473e+00,-8.569507338950424824e+00,-8.318530518901143367e+00,-8.421983744408773731e+00,-1.057372936391265306e+01,-1.144478703837047640e+01,-1.528112531861302870e+01,-2.322398237657498399e+01,-2.827356510851488025e+01,-2.959252425806771924e+01,-2.878158770270439604e+01,-2.887965677687362387e+01,-2.965886298133883159e+01,-3.200528938956028924e+01,-3.372954937322484170e+01,-3.411070997325855814e+01,-3.348757329492111268e+01,-3.413099215010646503e+01,-3.639818853274893939e+01,-4.101197388193483562e+01,-4.166530548756640684e+01,-4.144564818992943600e+01,-4.052238023477956119e+01,-3.881358986285196977e+01,-3.675690295215938619e+01,-3.482099899044703051e+01,-3.350765802894749612e+01,-3.331065454650672564e+01,-3.282398664710240155e+01,-3.178530478129777137e+01,-3.135406906830310092e+01,-3.050213113848312219e+01,-3.060473069209887242e+01,-2.888359093716394810e+01,-2.656136535148084832e+01,-2.465798225156895285e+01,-2.281296989749714044e+01,-2.205784917281643587e+01,-2.185097711765632766e+01,-2.128416144354699213e+01,-2.011195445393632752e+01,-1.921486020023001373e+01,-1.894997557225527629e+01,-1.803153430676700353e+01,-1.810500886492271633e+01,-1.862350233977715774e+01,-1.962815640842319809e+01,-2.004388949253304020e+01,-2.069110929312827807e+01,-2.180456829799587481e+01,-2.169877577523789824e+01,-2.203571045529919559e+01,-2.152164189590854804e+01,-1.963516666064989380e+01,-1.816700715041658398e+01,-1.547067105280047450e+01,-1.456476247758381248e+01,-1.353398524645288958e+01,-1.523226874276556586e+01,-1.613780528822321969e+01,-1.556030405437039477e+01,-1.581710494321343852e+01,-1.405607765348027094e+01,-1.530500581630507106e+01,-1.609287217533397296e+01,-1.734508450229142795e+01,-1.686686471984115698e+01,-1.596914993143706063e+01,-1.529151767469077861e+01,-1.549993565474167312e+01,-1.684021397216880445e+01,-1.756006639587243257e+01,-1.757419712516101384e+01,-1.725554524781389887e+01,-1.591616751993934642e+01,-1.642718852009754471e+01,-1.666078956615713480e+01,-1.554776376249639469e+01,-1.515722782306756855e+01,-1.494537108558793648e+01,-1.609864375580690066e+01,-1.669154276324884378e+01,-1.790458954423852234e+01,-1.742501768653785632e+01,-1.773519862116873469e+01,-1.771281036397414965e+01,-1.903237949743628121e+01,-1.968642515442476082e+01,-1.925257185809387295e+01,-1.931962527469793400e+01,-1.907143479571839606e+01,-1.753515910396061628e+01,-1.795976205445363405e+01,-2.049555809002212570e+01,-2.153470346480574804e+01,-1.948096633400120936e+01,-1.866392806243164060e+01,-1.855964336970460593e+01,-1.862162290127461972e+01,-1.941150325294141865e+01,-1.890371143308268742e+01,-1.907381030873064276e+01,-1.926135311731519550e+01,-1.861359094918021739e+01,-1.774327036104535793e+01,-1.838300949464552758e+01,-2.297978290281750802e+01,-2.728483191696537347e+01,-2.849397266292877262e+01,-2.794247447669934203e+01,-2.548642999376270168e+01,-2.574890088364443486e+01,-2.379178368330033777e+01,-2.157187423896108314e+01,-2.033095851166956081e+01,-2.009387152571357049e+01,-1.855442878169141707e+01,-1.708879289156216430e+01,-1.627680808796045753e+01,-1.507179635436146192e+01,-1.608136186798409284e+01,-1.499104684313683578e+01,-1.659951234409292198e+01,-1.758973612858467916e+01,-1.882536534012400153e+01,-1.815000784482528573e+01,-1.915084248587856663e+01,-2.001400214360444352e+01,-1.884160416329419974e+01,-1.808922201566154087e+01,-1.805033531674239455e+01,-1.878383025595736200e+01,-1.855910676436137408e+01,-1.976824850510335452e+01,-1.850639764570928847e+01,-1.830260730193025509e+01,-1.690998977896155608e+01,-1.587573684988965006e+01,-1.494441235277046864e+01,-1.564139345310845108e+01,-1.526876571299544416e+01,-1.697685504113860588e+01,-1.872494544554072959e+01,-1.995919623837433932e+01,-1.809988499486069102e+01,-1.814580853649102110e+01,-1.759023513311043629e+01,-1.653662414690301219e+01,-1.510173592726549607e+01,-1.429768031947513940e+01,-1.336220194114688553e+01,-1.205665697487149401e+01,-1.206398080617085711e+01,-1.322799662857095804e+01,-1.292962062704467563e+01,-1.208693303132438146e+01,-9.987203714382976827e+00,-9.624927291829280307e+00,-9.229100068418887304e+00,-7.805692783324666095e+00,-6.715288808918769448e+00,-7.250856113632448974e+00,-6.338201598437839479e+00,-6.131659609337107852e+00,-5.842806167371775494e+00,-6.478444607400457578e+00,-6.679462166389318334e+00,-4.802135791866473546e+00,-4.456639818934420738e+00,-4.460179975872494040e+00,-5.380014238943888749e+00,-4.556456387266470287e+00,-4.178327585799527455e+00,-3.535264694115990647e+00,-3.468108424787099242e+00,-3.571391601326160625e+00,-2.978327042168213090e+00,-1.802108821078451495e+00,-1.309807731816699850e+00,-2.787443395598688589e+00,-7.107218851315679764e+00,-8.171434717816504545e+00
-2.331244507113589748e+01,-2.720403183512850376e+01,-2.649375507530098162e+01,-2.607258270924880250e+01,-2.344190005359807927e+01,-2.386585311872932280e+01,-2.472007668299031025e+01,-2.283711991824901943e+01,-2.266198272854288831e+01,-2.253193205358378393e+01,-2.248917978645590665e+01,-2.510796322608613806e+01,-2.777352206192708550e+01,-3.034624136278536355e+01,-3.184572299131052375e+01,-3.616165981051619838e+01,-3.713379723745016747e+01,-3.812145843988695049e+01,-3.793527648108783978e+01,-3.552527842059714658e+01,-3.523175995471726196e+01,-3.431714151479930308e+01,-3.118907071080039017e+01,-2.955104255547070480e+01,-3.037074907870692542e+01,-2.991860781451913098e+01,-2.861846485939056706e+01,-2.806384115409095514e+01,-2.849744260107985383e+01,-2.904718885516006210e+01,-2.849292051846070706e+01,-2.841641492561607407e+01,-2.839102296766540690e+01,-2.708766582619807650e+01,-2.561426540523231665e+01,-2.324080547822676479e+01,-2.260198041758047083e+01,-2.169877992500265762e+01,-2.190425731173133528e+01,-2.087978299240041125e+01,-1.833258952814616904e+01,-1.805960218926454885e+01,-2.076154666150380379e+01,-2.043001404795679932e+01,-2.316295180742993054e+01,-2.519691863303040336e+01,-2.657662148131620583e+01,-2.834356498239453970e+01,-2.958278066140411156e+01,-3.052111452791272228e+01,-3.110709118168868415e+01,-3.335597323419395366e+01,-3.262720292534478972e+01,-3.012507500011977513e+01,-2.865172200415693382e+01,-2.707569173675900487e+01,-2.667984878559671458e+01,-2.523564033654221106e+01,-2.452825280625284776e+01,-2.458108411070666222e+01,-2.416779866802027144e+01,-2.361870290072219802e+01,-2.261012096002845340e+01,-2.230109732193921346e+01,-1.958374107159991695e+01,-1.629147547529307971e+01,-1.501853881601703833e+01,-1.412928796109918572e+01,-1.381204192747573778e+01,-1.219245985884229633e+01,-1.154835449562762228e+01,-1.376588175303888306e+01,-1.721865488390227839e+01,-1.903205601558206084e+01,-1.985684342608339747e+01,-2.069434323557720035e+01,-1.837061046348085114e+01,-1.766311215669276891e+01,-1.645662713853078429e+01,-1.522935421792780453e+01,-1.436225413736507051e+01,-1.170283693421663607e+01,-1.011779548858100419e+01,-9.863613893657539933e+00,-8.623068944554262316e+00,-8.595095498333087392e+00,-8.820225806875727770e+00,-8.257860668399814585e+00,-6.018646959793189311e+00,-3.432764438991150246e+00,-2.772610926131500619e+00,-1.215038825137586542e+00,1.874690553949031724e+00,4.206241577691933742e+00,5.508460712439360307e+00,5.803507329705095863e+00,6.317291288464939036e+00,6.439268603032807903e+00,5.445373379219728527e+00,5.764365959040218534e+00,6.055745513585315543e+00,4.042300654760222045e+00,3.356787877686105315e+00,2.800813638390009519e+00,3.657141214308258448e+00,4.778847351286369616e+00,5.944729121833510099e+00,7.452930940840273522e+00,9.580996254860275840e+00,1.048262349002723681e+01,1.168040786924946595e+01,1.499640429879692682e+01,1.515813814276170746e+01,1.495896347544166538e+01,1.663153892359866148e+01,1.907767514230053152e+01,2.046223637126617589e+01,2.049270018742552679e+01,2.299744358399224353e+01,2.476390386662920307e+01,2.590254854256590988e+01,2.697263848732973557e+01,2.610458056682094252e+01,2.319815259371006988e+01,2.129305349760340604e+01,2.028436251696644987e+01,1.977451566453598986e+01,1.891219433135666961e+01,1.901545428369168533e+01,1.974622760760813733e+01,2.037138104434980690e+01,2.048803574411442341e+01,1.975063634614699026e+01,2.075914428208888296e+01,1.920060672034323446e+01,1.922480499186825753e+01,2.188886372177663375e+01,2.495477592745892892e+01,2.781495261860788304e+01,3.051410546073198660e+01,3.224417202427501650e+01,3.396336797206417657e+01,3.276267843936006585e+01,3.101710096844380260e+01,3.093906257835817541e+01,2.829024223376506342e+01,2.640343202285482249e+01,2.497146906478644368e+01,2.523155420885258238e+01,2.522574379347557993e+01,2.389184006727863974e+01,2.309736448112659346e+01,2.151854408445545985e+01,1.835170964450380282e+01,1.807928301394067105e+01,1.665878590720667773e+01,1.638788581562786106e+01,1.655759159413358361e+01,1.676701218412566519e+01,1.637832988225665432e+01,1.705254429023867502e+01,1.750861481360907135e+01,1.888842982500871770e+01,1.924532319989396001e+01,1.810941088473586902e+01,1.924346043617953939e+01,1.884519867278157790e+01,1.851608006454636524e+01,1.968737819722983673e+01,2.176543649443117090e+01,2.154136137083892777e+01,2.230115486431555638e+01,2.282577395338920212e+01,2.323677453116439295e+01,2.202312045584714539e+01,2.018816416178977491e+01,1.950248495377539726e+01,1.903282088132273486e+01,1.846148535372305588e+01,1.807753169990387931e+01,1.722214882025991756e+01,1.729131001863331463e+01,1.788175894588803772e+01,1.792925903967688939e+01,1.766099974938165929e+01,1.699207982619778079e+01,1.523171431157055267e+01,1.489328294289579979e+01,1.468934515462347967e+01,1.419820072504958297e+01,1.339754724334382274e+01,1.403017304676290244e+01,1.516817466482137000e+01,1.570972296459357942e+01,1.907671968459132117e+01,2.114458993849545720e+01,2.052675094823618451e+01,1.877004513585292145e+01,1.799187210090923372e+01,1.766194129160226112e+01,1.684824741915460677e+01,1.608920557841841870e+01,1.551164791918434460e+01,1.614084820491097361e+01,1.474213307528554928e+01,1.407778873698342714e+01,1.437282446522478097e+01,1.488284737827727433e+01,1.496824993329543574e+01,1.443637209961718426e+01,1.421281277668737353e+01,1.261135910451647746e+01,1.187971295956965712e+01,1.070204259145073422e+01,1.069585755785426073e+01,1.096153758958735835e+01,1.145418029660081771e+01,1.247130147482061524e+01,1.443733755111349915e+01,1.414444146758136966e+01,1.344769748916340824e+01,1.258523128664252333e+01,1.120524520482578623e+01,1.177411118545540702e+01,1.292647136198595170e+01,1.336901583147931305e+01,1.288078918373975945e+01,1.026550421828993542e+01,1.026607834609207792e+01,8.883573519983592348e+00,7.991521350197481333e+00,8.384380100670885128e+00,6.551394393892224777e+00,6.757884022117950806e+00,8.698350473178285469e+00,1.017776025468270440e+01,1.154683969437686741e+01,1.245681531608218506e+01,1.271301913510015069e+01,1.293198139130312185e+01,1.227404307910850179e+01,1.314445744402271465e+01,1.505621579088308692e+01,1.419892751802982644e+01,1.202581607425839572e+01,1.197642574763033174e+01,1.296355899945167600e+01,1.340935907609773814e+01,1.339035151618237940e+01,1.277235729015035304e+01,1.280654052712162638e+01,1.458649465714344373e+01,1.518154114779199659e+01,1.642624698303265873e+01,1.734295351408019670e+01,1.728126171184297633e+01,1.678470269093923406e+01,1.588105752955798344e+01,1.523163803644998815e+01,1.594925096993755176e+01,1.550546162299627184e+01,1.578804351750651058e+01,1.570859551654453945e+01,1.530174698375346765e+01,1.489619556347657614e+01,1.358464089022574939e+01,1.250344230466653705e+01,1.314390287874400087e+01,1.378006622270999770e+01,1.313929703526958725e+01,1.247424422666027688e+01,1.096582633309079036e+01,1.106142706388776809e+01,1.118858222771060973e+01,1.094530631885390903e+01,1.078045914962933871e+01,1.024923315808247004e+01,9.393679412215336200e+00,8.384609491523857372e+00,8.314638208479927073e+00,7.904899930327979440e+00,7.431200392497959051e+00,6.258300726869447494e+00,6.059662964851442624e+00,5.522721137232860400e+00,4.803767065073885512e+00,5.631868299981043435e+00,5.598946196366267003e+00,5.886673408111504635e+00,5.176990350345063163e+00,6.248103500740378458e+00,5.875507035352785401e+00,6.294874827448635024e+00,6.266081793085311880e+00,5.637148609828072310e+00,6.152397003605019954e+00,7.844400852750523789e+00,6.826178116246686578e+00,7.399371427847891702e+00,6.059233113345624311e+00,4.987407788324309976e+00
-9.317405426747596309e+00,-1.021413613125448450e+01,-8.847038504269354675e+00,-8.434078660038753839e+00,-8.158172353700731350e+00,-9.239359691881384506e+00,-9.738217494926203699e+00,-8.974165397693594670e+00,-9.530211497168378898e+00,-8.683489864587146556e+00,-7.620552256639476774e+00,-7.385687449805377724e+00,-6.361398830910306224e+00,-7.114423470517863279e+00,-7.141590825564231082e+00,-7.089844699182084042e+00,-7.007864372368533878e+00,-7.439992659931716545e+00,-8.538207948311491435e+00,-1.091034412785822205e+01,-1.254742471326943409e+01,-1.321457771709079232e+01,-1.251003527993655595e+01,-1.226495639456014430e+01,-1.442017111215545278e+01,-1.859556869558066694e+01,-2.242916965087544412e+01,-2.276071776311910355e+01,-2.779253330095901831e+01,-3.065766174121288756e+01,-3.501022245578336367e+01,-3.618922696559393870e+01,-3.704155830380508263e+01,-3.870663791082864691e+01,-3.730064759305444966e+01,-3.595815468891144207e+01,-3.499245073479274026e+01,-3.511352221238904292e+01,-3.467855683554819990e+01,-3.133202697512601276e+01,-2.772527215997853034e+01,-2.572348986463657994e+01,-2.470290926405016663e+01,-2.330267663272094225e+01,-2.080996921448769044e+01,-1.956907367003318754e+01,-2.174877450778316756e+01,-2.475893164713286509e+01,-2.490498466810227640e+01,-3.144466840149136999e+01,-3.263204547367759290e+01,-3.131531514455111065e+01,-3.001067030368037081e+01,-2.809244896427341587e+01,-2.629315957096040890e+01,-2.502933078156699764e+01,-2.335437876618289366e+01,-2.213869552433997256e+01,-2.024680709930916578e+01,-1.939322987843025103e+01,-1.956579429014428229e+01,-1.761129660969791999e+01,-1.543501081775219319e+01,-1.622972913592449373e+01,-1.431689013756806794e+01,-1.334994970109976897e+01,-1.290141956045099114e+01,-1.108668654523011199e+01,-1.041290959297410268e+01,-9.930763465667592271e+00,-1.263941146447413466e+01,-1.360818685368759517e+01,-1.512676915161295454e+01,-1.580326200403557735e+01,-1.571938672619365107e+01,-1.589952830931521355e+01,-1.714850373523425020e+01,-1.795500895430591370e+01,-1.780215678013001579e+01,-1.945903706979775194e+01,-2.003268012432796397e+01,-1.965945130939265439e+01,-1.994514449171772696e+01,-1.834847585893383126e+01,-1.853062865891568833e+01,-1.791223117686433142e+01,-2.077531294096197456e+01,-2.014056345929911984e+01,-2.030623109838608542e+01,-1.982917184686155920e+01,-2.017794082814006629e+01,-2.003991670921522328e+01,-1.976014306230735329e+01,-1.958246487911353739e+01,-2.169160418486538688e+01,-2.193718267054647697e+01,-2.012208493811485610e+01,-1.922281406628699685e+01,-1.884801057351229048e+01,-1.898858801278029063e+01,-1.878421033577214772e+01,-1.866757216230280392e+01,-1.729243850024932172e+01,-1.661406108794500724e+01,-1.551868053894379784e+01,-1.558912090536206740e+01,-1.507746576930843041e+01,-1.717931675712857853e+01,-1.674724724030877354e+01,-1.634762126626485212e+01,-1.585370943718820769e+01,-1.639418002167530375e+01,-1.549617875859589233e+01,-1.591605301967062047e+01,-1.540432192975381831e+01,-1.455157300846097357e+01,-1.442595315742916107e+01,-1.432538450882164582e+01,-1.357799042773826592e+01,-1.350568452895109317e+01,-1.427420214669423082e+01,-1.343144718414409411e+01,-1.304099173593928462e+01,-1.288108683376437114e+01,-1.234250509559192643e+01,-1.164720269488016235e+01,-1.238934978578714308e+01,-1.218389668618349653e+01,-1.270822747646426620e+01,-1.223532477466425661e+01,-1.185986715521080725e+01,-1.179202892295232807e+01,-1.055535514148555620e+01,-8.753007566279059404e+00,-9.096139374173496606e+00,-8.899133729048680053e+00,-9.902522964756720114e+00,-1.015803517591638183e+01,-1.268595277373333552e+01,-1.747364962639418451e+01,-2.045668547158057038e+01,-1.998837156994009590e+01,-1.934287090578088808e+01,-2.035975215197100141e+01,-1.941647779396905094e+01,-1.779155654287106358e+01,-1.676231756078964352e+01,-1.701940170542867392e+01,-1.576587051063061828e+01,-1.586757986140411880e+01,-1.653747715908470539e+01,-1.804413636225886464e+01,-1.735819406068927151e+01,-1.745704575385685331e+01,-1.741359541971009151e+01,-1.706757060924450897e+01,-1.538002138527499163e+01,-1.546864080608114733e+01,-1.588322549803812223e+01,-1.493935145887503602e+01,-1.349111698123084935e+01,-1.295661930740482681e+01,-1.428502065001420185e+01,-1.538311595403883913e+01,-1.647344835459303170e+01,-1.729017734571898757e+01,-1.701334977129078041e+01,-1.710089156685189238e+01,-1.600632746397554484e+01,-1.612353654993456331e+01,-1.787069137836233779e+01,-1.938263446572453574e+01,-1.890967338436067280e+01,-1.859254870681534655e+01,-1.773577055287015725e+01,-1.703764640700071098e+01,-1.674952289189933552e+01,-1.652454735411481224e+01,-1.542646806299425322e+01,-1.425068488612083151e+01,-1.519096547043684353e+01,-1.506004709286998278e+01,-1.563766098161064910e+01,-1.611670956761211571e+01,-1.601951838171330067e+01,-1.668962413143813706e+01,-1.587379328362326802e+01,-1.433112260561796170e+01,-1.373170970861411355e+01,-1.531347461559895251e+01,-1.678877586047598669e+01,-1.844823589534351882e+01,-1.807782955632367816e+01,-1.757645600222016213e+01,-1.578571934973095026e+01,-1.460092354312175367e+01,-1.361597537483747722e+01,-1.312808778763197992e+01,-1.273838865965245581e+01,-1.209588411225565530e+01,-1.165212060435962371e+01,-1.095954895376108951e+01,-1.138830051096810259e+01,-1.421134337020268390e+01,-1.414773285596701413e+01,-1.388077081957282388e+01,-1.623434347935149091e+01,-1.908645404619001340e+01,-2.198964324343089061e+01,-2.323857676334839439e+01,-2.242659625322416161e+01,-2.195292220325896793e+01,-2.193154652415427108e+01,-2.094546558035598238e+01,-2.007361698455264332e+01,-1.954618566309842009e+01,-1.924731523316636128e+01,-1.823428056522573115e+01,-1.646244387473058524e+01,-1.528743418096529716e+01,-1.600690575938420679e+01,-1.734436868012764421e+01,-1.707886432657868880e+01,-1.816030521316464430e+01,-1.889475840104047677e+01,-1.847890417199808155e+01,-1.747513870348574017e+01,-1.608270191538809968e+01,-1.478528125069117216e+01,-1.425964084024191791e+01,-1.469088881681406811e+01,-1.321549772613543006e+01,-1.400298510840070954e+01,-1.429464521788762710e+01,-1.282608994883579001e+01,-1.221227742326572141e+01,-1.148396623705840547e+01,-1.095178997673782639e+01,-1.129471768333034554e+01,-1.056013498957310937e+01,-1.074193238312198240e+01,-1.102818172121792806e+01,-9.556168887279730129e+00,-8.658880270050493877e+00,-8.717815455643581402e+00,-7.678931555451118385e+00,-7.376696764971042874e+00,-7.148468929828342588e+00,-6.704327817034894998e+00,-5.463850750102997367e+00,-4.080639807927916252e+00,-3.833331250215270547e+00,-5.170078164631179973e+00,-5.570224302100067248e+00,-5.449945956851366624e+00,-5.164674695203780530e+00,-4.153719675281961621e+00,-4.949479243974724163e+00,-5.119259859707628202e+00,-5.650838417041402550e+00,-6.352912251310103287e+00,-8.821298856481899264e+00,-9.954677663630722151e+00,-1.178922050868828464e+01,-1.542781143240956965e+01,-1.530533967473265911e+01,-1.538398872317853616e+01,-1.601389330140015588e+01,-1.764464668888177457e+01,-1.782675124068780192e+01,-1.849790958834947219e+01,-1.981874173530681205e+01,-1.980112066265408188e+01,-2.019840132371082930e+01,-2.193619221692871335e+01,-2.309626759709884425e+01,-2.363962848249028070e+01,-2.364129451176699703e+01,-2.213975145753198959e+01,-2.193448382310282696e+01,-2.252486265003470933e+01,-2.319715958660815502e+01,-2.215504110592212328e+01,-2.298935457078073341e+01,-2.595932417069709075e+01,-2.623675798184001096e+01,-2.620091537092002554e+01,-2.416838028916378178e+01,-2.334382378542586522e+01,-2.257844751068303424e+01,-2.291075137784476112e+01,-2.168322708578786262e+01,-2.053868940363261686e+01,-1.883520203148894723e+01,-1.729658019542912228e+01,-1.708910974490582291e+01,-1.708502050159926355e+01,-1.562021937146453787e+01,-1.492260308947026459e+01,-1.514287100179068979e+01,-1.457361979757403603e+01
1.594925096993755176e+01,1.550546162299627184e+01,1.578804351750651058e+01,1.570859551654453945e+01,1.530174698375346765e+01,1.489619556347657614e+01,1.358464089022574939e+01,1.250344230466653705e+01,1.314390287874400087e+01,1.378006622270999770e+01,1.313929703526958725e+01,1.247424422666027688e+01,1.096582633309079036e+01,1.106142706388776809e+01,1.118858222771060973e+01,1.094530631885390903e+01,1.078045914962933871e+01,1.024923315808247004e+01,9.393679412215337976e+00,8.384609491523857372e+00,8.314638208479927073e+00,7.904899930327979440e+00,7.431200392497959051e+00,6.258300726869445718e+00,6.059662964851442624e+00,5.522721137232860400e+00,4.803767065073885512e+00,5.631868299981043435e+00,5.598946196366267003e+00,5.886673408111504635e+00,5.176990350345063163e+00,6.248103500740378458e+00,5.875507035352785401e+00,6.294874827448635024e+00,6.266081793085311880e+00,5.637148609828072310e+00,6.152397003605019954e+00,7.844400852750526454e+00,6.826178116246686578e+00,7.399371427847891702e+00,6.059233113345624311e+00,4.987407788324309976e+00,5.767487767694862377e+00,6.277723213294041926e+00,5.931018004443564529e+00,5.982803486787486413e+00,5.064269576518148241e+00,5.773308968238611172e+00,3.315268990608982946e+00,-1.343130908872930684e-01,-2.196687276135797784e-01,1.497835733253382706e+00,1.029355279781338228e-01,1.134534711899835013e+00,1.424404575476932999e+00,4.024459046692928865e+00,7.181908652897269540e+00,7.869416979423480285e+00,6.601606900564252811e+00,4.413889541644026693e+00,3.640689623033817934e+00,4.411080144736110320e+00,4.313406263318938727e+00,1.861923242541485557e+00,1.071522250653497155e+00,7.467521596626133795e-02,1.462413574219746937e-01,-2.212602717570994748e-01,8.798362455526191894e-01,1.248358610387063194e+00,2.560989064403334403e+00,3.534157080459373823e+00,4.802051176821236389e+00,4.741697657749686989e+00,4.052174303440996717e+00,3.049839142309390461e+00,2.412556841581772193e+00,1.585180542073376220e+00,1.636386402906356174e+00,1.275851759826011955e+00,1.186031015504246833e+00,1.675321129584245172e+00,2.494702623626920523e+00,2.811317674527303190e+00,2.812419078553762386e+00,3.418996650154069616e+00,3.804572030935370552e+00,4.578377762531907536e+00,4.501049493154892112e+00,4.049553606077843426e+00,4.971453462748690377e+00,4.938196798541559573e+00,4.675844925766902804e+00,5.159564978377514599e+00,4.335076906558924748e+00,6.240866284556288335e+00,7.316687114140662196e+00,7.077405078824346774e+00,6.759645746585280612e+00,5.038278268840123530e+00,4.182810617174855139e+00,3.705106627864840352e+00,3.265005630620333665e+00,2.510057411026970442e+00,2.161663095125875067e+00,2.788285861130431087e+00,3.035435045395738829e+00,4.024904511975281096e+00,4.544807412706229677e+00,6.401524891513912685e+00,7.737039943723316604e+00,9.246911930079615871e+00,8.201389101261762349e+00,6.652045382695193076e+00,3.958735481160744918e+00,3.260841274019889102e+00,3.171113973762028859e+00,2.986561188884793161e+00,5.247139016934296407e+00,1.050608304142133242e+01,1.376991508318705115e+01,1.577514735784870226e+01,1.745520185479108477e+01,1.886597911624884105e+01,1.877082753760668155e+01,1.899947296724268853e+01,1.953658842683780961e+01,1.847499219065486997e+01,1.628711051318453684e+01,1.624928728814856882e+01,1.600456022982065818e+01,1.543740088790334397e+01,1.390756034864163482e+01,1.326870547971797087e+01,1.331593869807405461e+01,1.289807136039762803e+01,1.184123317979049794e+01,1.123611885495369656e+01,1.178500385003891004e+01,1.168302024232679059e+01,1.280837129388483930e+01,1.422854661703198431e+01,1.417156090932993884e+01,1.312104806826445547e+01,1.372398943873133170e+01,1.313335743619850859e+01,1.314275937876985978e+01,1.265715827634387125e+01,1.120344162486557593e+01,9.690097518415607070e+00,9.570105662647392819e+00,9.321165033852471637e+00,9.290457739633664502e+00,9.106955760763799645e+00,9.065812350579411927e+00,1.003515768270426811e+01,9.149103514695584138e+00,1.038496616769619330e+01,8.748755371407153092e+00,8.406875505706523199e+00,8.937451751105104591e+00,1.128531467688853240e+01,1.368441806159546914e+01,1.427826760215923407e+01,1.431402345853986091e+01,1.369240584864405541e+01,1.379023591062833987e+01,1.399438565200828499e+01,1.409574055218679867e+01,1.401638897762528302e+01,1.314817531918110305e+01,1.252004874574943116e+01,1.203875123627604182e+01,1.204304312296693880e+01,1.154306344558533226e+01,1.032983212921510230e+01,1.077290111922088300e+01,1.004230400013618052e+01,8.528417550968706351e+00,8.462009791482756782e+00,1.027634297505298377e+01,1.136006256589025121e+01,1.173553777803374842e+01,1.167501565253223639e+01,1.289358052006203437e+01,1.163515573220349708e+01,1.215632832354229720e+01,1.353191329269202114e+01,1.384736589036421606e+01,1.455095836285351751e+01,1.526024294235908485e+01,1.556394204718637120e+01,1.522836314059101781e+01,1.519372428623831617e+01,1.434241972298428891e+01,1.393844002491439049e+01,1.306199075450531311e+01,1.210423051187057908e+01,1.102925464088329655e+01,1.101653019178683302e+01,9.704350522143096569e+00,1.088428948502316018e+01,1.056397002922823525e+01,1.015172078630622643e+01,1.054956947968516801e+01,1.051937277137284710e+01,9.674449089641779409e+00,9.512601555960978672e+00,9.932776325985617660e+00,9.876458544916630444e+00,9.697876945122063219e+00,8.892881393206426566e+00,8.001738896438705950e+00,7.655399330903949640e+00,7.328275888297519636e+00,7.488739345602732911e+00,7.473221291528133747e+00,8.322525344333683961e+00,8.388880186846433773e+00,7.635212592126750408e+00,7.383515111284995491e+00,8.233322465676286228e+00,8.511901732751372407e+00,7.983183559079359171e+00,8.531474370876034996e+00,7.330341556780968659e+00,7.796684784737975882e+00,8.487877879740526765e+00,8.780373758646044635e+00,8.562202948173279538e+00,9.408517188358782590e+00,1.053482863695721861e+01,1.052170262055405026e+01,9.492910620786760845e+00,9.684139281499330565e+00,8.546016008411191578e+00,8.270387140974573725e+00,9.233550841619035054e+00,1.037573270927685698e+01,1.194006056584840891e+01,1.470246927930752534e+01,1.574687617941476780e+01,1.615766204296467734e+01,1.654554681437426567e+01,1.557033046363212492e+01,1.475693856075621824e+01,1.400256215487386591e+01,1.275830064332500413e+01,1.282588147230552522e+01,1.278294240323726072e+01,1.271518356837962571e+01,1.156182321783428613e+01,1.086259516058103358e+01,1.129541356328233981e+01,1.094718282315209912e+01,1.209700850670772709e+01,1.213481537089298357e+01,1.138188854050892473e+01,1.069702153401856393e+01,9.934991664208634887e+00,8.657320666460279313e+00,8.061564814068477247e+00,8.146883491781574449e+00,8.455527038301244858e+00,8.426092311857427575e+00,8.782747319263403796e+00,7.974042988189463443e+00,7.171060800611791741e+00,8.135913853792269279e+00,7.549170349629984678e+00,7.815637471189493368e+00,7.418985134418989880e+00,7.462497512089808716e+00,7.123181042917710926e+00,7.505965753689906705e+00,7.129107907899837393e+00,6.958267800654516222e+00,5.943097043271645674e+00,4.966683434658056839e+00,5.334673920012527937e+00,5.443816553587560669e+00,6.944654195222415005e+00,7.770635779517350628e+00,1.179214767129765029e+01,1.408632995208962591e+01,1.403185758319495768e+01,1.430897961399119644e+01,1.459368997252410338e+01,1.387925522606943574e+01,1.375601650740591175e+01,1.225910065460474208e+01,1.203233475262980434e+01,1.196265375919545981e+01,1.196651874516379621e+01,1.249754991504333468e+01,1.208530291748000529e+01,1.104419463444651406e+01,1.074245606246121376e+01,1.167120425905884673e+01,1.080138460082413587e+01,9.663587621660475691e+00
-7.392148652007088039e+00,-6.008237134074353669e+00,-4.801740338519794093e+00,-5.673064445792304511e+00,-4.348949452356198897e+00,-3.378723319807623415e+00,-1.895680018561008762e+00,-1.575069228552206546e+00,-8.319698286172758639e-01,-6.891491732316573637e-01,-1.796684912917471566e+00,-2.489024170124335189e+00,-3.327543137877646107e+00,-2.896308785522919038e+00,-1.739763433778596102e+00,-9.571804302224876659e-01,-4.088708049384054410e-01,5.709529969561494278e-01,-5.803439421887821581e-01,-1.988441934068405192e+00,-4.876568497971154770e+00,-5.494149134235890131e+00,-3.416043950869186663e+00,-1.510680010923818317e+00,1.455549079429757198e+00,2.551130195931561317e+00,3.743861168782779636e+00,4.452472607615636235e+00,4.768321469719646544e+00,3.347214340749055772e+00,7.436887596918207999e-01,-9.719539149029834402e-01,-3.839770256946140048e+00,-4.686425409686450827e+00,-6.414241931498770199e+00,-9.605758525012033644e+00,-1.209335445969100498e+01,-1.150255418361627058e+01,-9.233630750600449133e+00,-8.128201782942609199e+00,-7.600083309257269271e+00,-8.711844510758988136e+00,-9.362127528498517037e+00,-9.427328770143864389e+00,-1.009487542424774986e+01,-1.316030643949294721e+01,-1.366577484860097336e+01,-1.425025344354338408e+01,-1.132751172816319318e+01,-9.297120238030498030e+00,-8.168765607414847807e+00,-5.964317766219397576e+00,-5.460884564891296478e+00,-3.217011954246709493e+00,-5.725450059158175620e+00,-6.451126695104723474e+00,-5.943858241838743339e+00,-3.939713646971212402e+00,-3.305058319281231949e+00,-1.369655576824219789e+00,-2.125113572862052713e+00,-4.762654884899275132e+00,-4.594296119192653016e+00,-5.377345111089780971e+00,-6.874749559802042498e+00,-6.857478099007065175e+00,-5.544943807748499154e+00,-5.297327728593662854e+00,-4.181820789583099440e+00,-3.155585550178534593e+00,-1.866075582779344710e+00,-1.533779758649806535e+00,-8.263432844718303638e-01,2.091668447309549816e-01,1.593276319747924052e+00,2.445610185766399880e+00,2.987346422162679982e+00,2.466946966034164745e+00,3.686790977652190104e+00,4.329707406856273977e+00,4.955164928170687766e+00,3.500765771797837100e+00,4.287961431416665192e+00,5.486613323119011731e+00,5.729797090865389464e+00,6.397363899722828151e+00,6.938329914400534371e+00,5.078060190261240336e+00,4.262671228758874165e+00,1.943757138145749908e+00,3.102528793403874108e+00,3.895183961909796544e+00,4.595687221273146328e+00,4.896860365032570606e+00,8.380980365931511855e+00,1.101140575998875448e+01,1.013248102847300025e+01,1.170168721247669730e+01,1.172758612331421801e+01,1.385573516032087760e+01,1.451450243110766714e+01,1.302012045249476735e+01,1.196858411653119170e+01,1.284849123863710929e+01,1.401554088557027811e+01,1.572849530139519025e+01,1.617355072842804731e+01,1.537003709457815148e+01,1.486093104801215503e+01,1.345359821556244739e+01,1.362533472927683498e+01,1.369995669565686214e+01,1.291342321491311651e+01,1.281047684201724479e+01,1.196568827686947145e+01,1.223637803904939325e+01,1.315884879223006720e+01,1.328601412926286507e+01,1.470255725949776071e+01,1.316971941099386001e+01,1.349274747335753410e+01,1.429646175983440592e+01,1.415800561401104218e+01,1.413172298842623320e+01,1.241172903951809836e+01,1.090066249559500200e+01,1.056614066989873812e+01,1.069787562638989264e+01,1.005422884606763034e+01,8.962520929209953024e+00,8.709653634224281404e+00,9.841446476220493622e+00,1.024088761160395933e+01,9.584581787769613115e+00,1.144097978696639295e+01,1.159085989268818295e+01,1.008739176988464159e+01,9.459637682104034440e+00,7.068808854461091862e+00,6.552680252320456589e+00,6.171065961384360143e+00,6.329982238863088639e+00,6.732679902790918547e+00,6.356124050553456861e+00,6.501023727669651642e+00,6.745148646054440533e+00,7.766250615444620031e+00,7.411336581818956937e+00,7.249704476322008873e+00,7.352611278601568046e+00,5.404606905421384333e+00,4.738932981350234996e+00,4.878959011457084216e+00,4.615244459099391960e+00,4.500086488110811800e+00,5.537693072198100808e+00,5.467439740795862591e+00,6.042927543294587700e+00,7.469508306048663115e+00,1.001315772700245077e+01,1.041552990084093189e+01,9.209913900629178585e+00,7.910854198188865816e+00,7.340136790989827631e+00,5.789703301578045469e+00,5.842860411577933455e+00,6.788243161275437920e+00,7.833978412841751116e+00,8.676427650712627226e+00,7.700319645592931472e+00,8.851271864335366502e+00,1.094422678246499281e+01,1.238913366150783979e+01,1.305467451107118393e+01,1.404005820760530376e+01,1.548443988455430187e+01,1.615974546534483380e+01,1.642219984229460650e+01,1.750672383966915646e+01,1.812641365337056598e+01,1.800903825552131110e+01,1.786505601917104613e+01,1.852987124529640894e+01,1.817949229699696900e+01,1.868944823893959040e+01,1.780328327534878596e+01,1.585388794379370125e+01,1.463139628250812940e+01,1.426840890740928813e+01,1.219744311546311266e+01,7.774031803222097636e+00,6.570360967569119914e+00,8.165595880674072049e+00,9.326415041687795338e+00,8.687841379877436765e+00,8.381126190421165134e+00,4.997721927614872328e+00,3.649151531200555798e+00,4.754233542442464433e+00,6.913567274613420466e+00,9.152595560515312201e+00,1.137035480257109832e+01,1.270420556292324576e+01,1.521238375890797023e+01,1.592636270067598403e+01,1.658362596503393505e+01,1.643365059834502517e+01,1.443527894513837495e+01,1.405363236575730745e+01,1.269490386552148564e+01,1.275665801511129160e+01,1.242237623603167762e+01,1.239128533966851364e+01,1.243175884651265761e+01,1.272974090530330749e+01,1.321259897810500483e+01,1.351632153169438944e+01,1.380041975307302948e+01,1.447541346983108923e+01,1.484575017958663956e+01,1.477770697596004545e+01,1.488636063034053159e+01,1.522434303264565436e+01,1.529128901228616577e+01,1.539342693512169014e+01,1.635607465578792130e+01,1.742415879706705795e+01,1.743338197290745839e+01,1.748546260513622030e+01,1.810547289757862188e+01,1.774027957118092758e+01,1.790170735976498406e+01,1.728147949699458508e+01,1.761056785972278860e+01,1.811540279306580814e+01,1.734891814853822467e+01,1.744097518194564600e+01,1.684608287422498663e+01,1.611736177948328219e+01,1.553632151783301651e+01,1.502734505394962206e+01,1.364967578013842164e+01,1.294046761140300461e+01,1.325677181336786958e+01,1.354882318211787506e+01,1.287931686548681220e+01,1.349628416780428886e+01,1.482494697781357651e+01,1.528295793643839140e+01,1.524156842655326827e+01,1.567962309926213038e+01,1.527972871464840310e+01,1.562316954299078020e+01,1.475293567504081516e+01,1.306356036844722901e+01,1.187370859845443505e+01,1.154856561647800461e+01,1.123006561451202678e+01,1.077901734292162494e+01,1.084796892860352457e+01,1.091362514362731240e+01,1.251702154022840041e+01,1.248247775877908694e+01,1.248365010941313535e+01,1.167446915093085735e+01,1.305534190291568208e+01,1.544669762047659312e+01,1.638544012627544433e+01,1.716406054990408592e+01,1.754824149631802044e+01,1.835895292326589257e+01,1.812807723652419511e+01,1.902934481578562753e+01,1.879708799151282506e+01,1.785843080527446602e+01,1.702961997834543695e+01,1.717695232189457855e+01,1.788694176498423971e+01,1.824736273908204254e+01,1.740977100195209815e+01,1.740459313220415538e+01,1.855323605706499634e+01,1.771375907436368990e+01,1.594720750527209674e+01,1.565710729291506453e+01,1.477644891084999479e+01,1.448638298534883972e+01,1.555671200452805536e+01,1.748667003333122594e+01,2.027934535111848646e+01,2.076696042256232033e+01,2.005101709099601237e+01,1.875562982564192538e+01,1.757113775403314548e+01,1.693598180716722368e+01,1.666011200356501121e+01,1.508312548424087396e+01,1.490954360285523350e+01,1.353418768828262486e+01,1.339994092790168700e+01,1.173256900354694565e+01
-6.317887148056390068e+00,-6.695323251265749676e+00,-7.167490159072393396e+00,-4.871311371458418193e+00,-3.697809811747479802e+00,-2.213013018360772577e+00,-1.553248728904309983e+00,-7.172674740173119456e-01,-6.046709149448624698e-01,-3.977973484501869939e-01,3.295205132859052588e-01,1.252323548732144465e+00,1.198519092821537235e+00,1.182610709868413545e+00,1.219593022701862761e+00,5.993604158523170300e-01,1.055468705459676748e+00,1.374339373676911835e+00,4.287505587923077677e+00,5.616534860630033599e+00,6.831281451552538186e+00,8.874594465333752069e+00,9.627298099684356458e+00,1.049737329700313992e+01,1.350548477568799477e+01,1.654909923216238710e+01,1.694495016703161028e+01,1.709587127051317879e+01,1.760103814133689681e+01,1.923241026239393392e+01,1.954794259761284536e+01,2.136182168585319019e+01,2.274568123350768900e+01,2.180130322313369007e+01,2.269112043820304336e+01,2.222228818341823953e+01,2.272997353229898465e+01,2.328154868932957555e+01,2.165105837520704313e+01,2.160417690036372917e+01,2.173021051356634104e+01,2.139021049232647087e+01,1.953706657359833088e+01,1.988882481907313249e+01,2.175809076492479122e+01,2.321955745443638719e+01,2.446995791692722122e+01,2.518808800631432376e+01,2.577542200211485479e+01,2.591366059283664214e+01,2.636871136964175122e+01,2.645604314266264723e+01,2.644486343673601425e+01,2.641009696784207250e+01,2.767526920248639044e+01,2.709725513489796356e+01,2.564519780726749332e+01,2.423582333515272680e+01,2.286994286801420628e+01,2.191219433999291510e+01,2.040929127862257886e+01,1.957916328830175345e+01,1.912590223624610886e+01,1.808903566084086023e+01,1.820473337321926266e+01,1.710766070359168722e+01,1.757360339123537685e+01,1.716874087880946931e+01,1.914002017830134861e+01,1.954963611394152778e+01,2.007164947703523339e+01,1.942303666917187854e+01,2.056043532609215774e+01,1.984348127831169606e+01,2.001246340001798529e+01,2.028603818503512457e+01,2.135358686996404742e+01,2.213470779983263270e+01,2.370242409996581756e+01,2.504347740579033399e+01,2.507803589389174093e+01,2.524136890170881387e+01,2.468800670840605349e+01,2.537558354295041951e+01,2.367763283529983553e+01,2.276465106125412063e+01,2.225623313687487226e+01,2.177769388227705605e+01,2.126355820876014491e+01,2.152428900484041208e+01,2.121705143176219366e+01,1.904675997086010142e+01,1.930418303729990015e+01,1.952426264388976662e+01,2.186023498366985507e+01,2.065530292702478476e+01,2.038365463619895479e+01,2.226981858068399234e+01,2.296390770238101453e+01,2.241495141592783114e+01,2.181476609629370600e+01,2.106505310261852415e+01,1.903550045920295020e+01,1.866538518826434512e+01,1.874071248059164674e+01,1.932191140300318821e+01,1.901703175393570788e+01,2.095054489463530345e+01,2.106083037142445136e+01,2.045301560137305330e+01,1.983829390611967369e+01,1.836584101567147087e+01,1.743720240622216267e+01,1.627463455227782774e+01,1.672550668995046763e+01,1.669944854106653409e+01,1.634835857433367323e+01,1.467663013520529169e+01,1.531321967886930047e+01,1.658124905393694348e+01,1.789786935298366544e+01,1.716250810909894398e+01,1.673870212643766209e+01,1.801126041660375066e+01,1.671636340378932672e+01,1.505116276979006962e+01,1.433291839191635297e+01,1.379369773680638467e+01,1.275963551581934396e+01,1.365594841428179329e+01,1.323026051942646575e+01,1.416960017030699781e+01,1.511262140933222398e+01,1.636626535369877899e+01,1.524654838614749330e+01,1.542984263388732025e+01,1.468936064553703069e+01,1.540518325812556633e+01,1.557675770454643782e+01,1.545840146660335357e+01,1.621335776261590667e+01,1.633357422283093285e+01,1.862825871248062626e+01,2.207473625477416590e+01,2.249019553521732107e+01,2.315626208049154044e+01,2.264265096256838916e+01,2.238286712236502041e+01,2.220215915061803358e+01,2.386471069225486374e+01,2.503489469473941753e+01,2.517035100253329460e+01,2.418412556347238507e+01,2.426423033149196584e+01,2.351515613333717880e+01,2.174157271551281312e+01,2.004847883494762328e+01,2.012134947924513639e+01,2.114715512363597227e+01,2.121067803424683973e+01,2.089519117534441861e+01,2.067965563716137112e+01,1.975217364043744794e+01,1.947273505402267801e+01,1.922216511138500650e+01,1.729046793589750308e+01,1.680104800973214907e+01,1.480143540444171890e+01,1.414296513439759195e+01,1.446715939960748365e+01,1.437451820410689685e+01,1.394623753789039000e+01,1.226597302676732326e+01,1.289802724029959435e+01,1.139919965932759993e+01,9.814304969096072639e+00,9.405494099033147037e+00,9.571608394664490760e+00,1.064854043324858424e+01,1.229466731061280349e+01,1.096937149571623138e+01,1.154886835131030232e+01,1.126043053554867157e+01,1.276735468037890620e+01,1.369220781010482924e+01,1.299870588128313109e+01,1.522618712038508093e+01,1.651135046926466643e+01,1.729197324048631756e+01,1.773688595532807355e+01,1.779699467563946413e+01,1.743908776579330677e+01,1.687766034107926671e+01,1.569439061270798419e+01,1.446286657755892868e+01,1.452137747864885320e+01,1.468333146714419080e+01,1.419545094709305566e+01,1.420247522791981964e+01,1.331295109092816453e+01,1.323918280770332956e+01,1.446811867302591281e+01,1.542118662895013514e+01,1.639090769090165622e+01,1.684445013326697449e+01,1.755094356767462216e+01,1.694873711457259802e+01,1.853682735693756456e+01,1.726390932966703673e+01,1.802862015861312273e+01,1.823029409465181061e+01,1.787695820879180886e+01,1.629247593854908871e+01,1.734049385387578113e+01,1.932069105099044037e+01,1.927314513266230378e+01,1.952815572528220045e+01,2.053699218468458909e+01,1.992468197462787316e+01,1.882301052752165660e+01,1.918079504370041377e+01,1.852534429801913873e+01,1.888473372081569224e+01,1.814215835264444010e+01,1.723909967316441083e+01,1.621576005458272363e+01,1.560379885424750590e+01,1.481135673398331498e+01,1.433629044022255350e+01,1.324636933473516720e+01,1.118164932283644220e+01,1.114460630136062136e+01,1.055180192706260378e+01,1.137465128824916327e+01,1.148433367074257738e+01,1.201339720809984613e+01,1.180643350157780880e+01,1.178112347452472974e+01,1.158350677044056631e+01,1.228094047171992820e+01,1.316156202137461584e+01,1.237848341031220123e+01,1.156450719423444262e+01,9.865338152904230995e+00,8.727332046262130660e+00,8.582755841774597272e+00,1.047526291759454331e+01,1.070917949680667647e+01,1.144595974959498719e+01,1.319238138176925723e+01,1.436925994276407081e+01,1.380262591302086328e+01,1.322698316735488611e+01,1.271232649481811450e+01,1.185795069845999983e+01,1.185717595341184349e+01,1.136382899838768878e+01,1.008705985746326128e+01,1.054925208865554076e+01,1.052764411316120885e+01,1.014027183733314175e+01,8.560500370254549907e+00,9.451336982728964387e+00,1.079792272972673572e+01,1.174686731911014625e+01,1.371115792307132963e+01,1.478493108499240982e+01,1.708650205969293623e+01,1.632379364528027210e+01,1.599537998000937478e+01,1.573074017626624688e+01,1.586130989414769488e+01,1.583274647544015856e+01,1.718599889555983395e+01,1.903410563751663886e+01,1.976504388459342110e+01,1.983028300653577602e+01,2.020754470397611513e+01,1.923949776709228843e+01,1.872382167501345407e+01,1.839619541218866416e+01,1.870765715690246367e+01,1.904978018905633164e+01,1.859897613449851406e+01,1.666020186032675809e+01,1.485309816608165256e+01,1.447733712145839036e+01,1.482806097600057882e+01,1.477747312283711523e+01,1.465692819556950255e+01,1.508894467289849217e+01,1.450434777307313183e+01,1.434652361958504407e+01,1.483054844444556863e+01,1.586720357652173341e+01,1.633562908989479467e+01,1.487272589099747400e+01,1.402230870413377950e+01,1.308189342858370985e+01,1.202959888891119533e+01,1.163803977765518560e+01
-5.377345111089780971e+00,-6.874749559802042498e+00,-6.857478099007065175e+00,-5.544943807748499154e+00,-5.297327728593662854e+00,-4.181820789583099440e+00,-3.155585550178534593e+00,-1.866075582779344710e+00,-1.533779758649806535e+00,-8.263432844718303638e-01,2.091668447309549816e-01,1.593276319747924052e+00,2.445610185766400768e+00,2.987346422162679982e+00,2.466946966034164745e+00,3.686790977652190104e+00,4.329707406856273977e+00,4.955164928170687766e+00,3.500765771797837544e+00,4.287961431416665192e+00,5.486613323119011731e+00,5.729797090865389464e+00,6.397363899722828151e+00,6.938329914400534371e+00,5.078060190261240336e+00,4.262671228758874165e+00,1.943757138145749908e+00,3.102528793403874108e+00,3.895183961909796544e+00,4.595687221273146328e+00,4.896860365032570606e+00,8.380980365931513631e+00,1.101140575998875448e+01,1.013248102847300025e+01,1.170168721247669730e+01,1.172758612331421801e+01,1.385573516032087760e+01,1.451450243110766891e+01,1.302012045249476735e+01,1.196858411653119170e+01,1.284849123863710929e+01,1.401554088557027811e+01,1.572849530139519025e+01,1.617355072842804731e+01,1.537003709457815148e+01,1.486093104801215503e+01,1.345359821556244739e+01,1.362533472927683498e+01,1.369995669565686214e+01,1.291342321491311651e+01,1.281047684201724124e+01,1.196568827686947145e+01,1.223637803904939325e+01,1.315884879223006720e+01,1.328601412926286507e+01,1.470255725949776071e+01,1.316971941099386356e+01,1.349274747335753410e+01,1.429646175983440592e+01,1.415800561401104218e+01,1.413172298842623320e+01,1.241172903951809836e+01,1.090066249559500200e+01,1.056614066989873812e+01,1.069787562638989264e+01,1.005422884606763034e+01,8.962520929209953024e+00,8.709653634224281404e+00,9.841446476220493622e+00,1.024088761160395933e+01,9.584581787769613115e+00,1.144097978696639295e+01,1.159085989268818295e+01,1.008739176988464159e+01,9.459637682104034440e+00,7.068808854461091862e+00,6.552680252320456589e+00,6.171065961384360143e+00,6.329982238863088639e+00,6.732679902790918547e+00,6.356124050553456861e+00,6.501023727669651642e+00,6.745148646054440533e+00,7.766250615444620031e+00,7.411336581818956937e+00,7.249704476322008873e+00,7.352611278601568046e+00,5.404606905421384333e+00,4.738932981350231444e+00,4.878959011457084216e+00,4.615244459099391960e+00,4.500086488110811800e+00,5.537693072198100808e+00,5.467439740795862591e+00,6.042927543294586812e+00,7.469508306048663115e+00,1.001315772700245077e+01,1.041552990084093189e+01,9.209913900629178585e+00,7.910854198188865816e+00,7.340136790989827631e+00,5.789703301578045469e+00,5.842860411577933455e+00,6.788243161275437920e+00,7.833978412841751116e+00,8.676427650712627226e+00,7.700319645592931472e+00,8.851271864335368278e+00,1.094422678246499281e+01,1.238913366150783979e+01,1.305467451107118393e+01,1.404005820760530376e+01,1.548443988455430187e+01,1.615974546534482670e+01,1.642219984229460650e+01,1.750672383966915646e+01,1.812641365337056598e+01,1.800903825552131110e+01,1.786505601917104613e+01,1.852987124529640894e+01,1.817949229699696900e+01,1.868944823893959040e+01,1.780328327534878596e+01,1.585388794379370125e+01,1.463139628250812940e+01,1.426840890740928813e+01,1.219744311546311977e+01,7.774031803222097636e+00,6.570360967569119914e+00,8.165595880674072049e+00,9.326415041687795338e+00,8.687841379877436765e+00,8.381126190421165134e+00,4.997721927614872328e+00,3.649151531200555798e+00,4.754233542442464433e+00,6.913567274613420466e+00,9.152595560515312201e+00,1.137035480257109832e+01,1.270420556292324576e+01,1.521238375890797023e+01,1.592636270067598403e+01,1.658362596503393505e+01,1.643365059834502517e+01,1.443527894513837495e+01,1.405363236575730213e+01,1.269490386552148564e+01,1.275665801511129160e+01,1.242237623603167762e+01,1.239128533966851364e+01,1.243175884651265761e+01,1.272974090530330926e+01,1.321259897810500483e+01,1.351632153169438944e+01,1.380041975307302948e+01,1.447541346983108923e+01,1.484575017958663956e+01,1.477770697596004545e+01,1.488636063034053159e+01,1.522434303264565436e+01,1.529128901228616577e+01,1.539342693512169014e+01,1.635607465578792130e+01,1.742415879706705795e+01,1.743338197290745839e+01,1.748546260513622030e+01,1.810547289757862188e+01,1.774027957118092758e+01,1.790170735976498406e+01,1.728147949699458508e+01,1.761056785972277083e+01,1.811540279306580814e+01,1.734891814853822467e+01,1.744097518194564600e+01,1.684608287422498663e+01,1.611736177948328219e+01,1.553632151783301651e+01,1.502734505394962206e+01,1.364967578013842164e+01,1.294046761140300461e+01,1.325677181336786958e+01,1.354882318211787506e+01,1.287931686548680688e+01,1.349628416780428886e+01,1.482494697781357651e+01,1.528295793643839140e+01,1.524156842655326827e+01,1.567962309926213038e+01,1.527972871464840310e+01,1.562316954299077132e+01,1.475293567504081516e+01,1.306356036844722901e+01,1.187370859845443505e+01,1.154856561647800461e+01,1.123006561451202678e+01,1.077901734292162494e+01,1.084796892860352457e+01,1.091362514362731240e+01,1.251702154022840041e+01,1.248247775877908694e+01,1.248365010941313535e+01,1.167446915093085735e+01,1.305534190291568208e+01,1.544669762047659312e+01,1.638544012627544433e+01,1.716406054990408592e+01,1.754824149631802044e+01,1.835895292326589257e+01,1.812807723652418446e+01,1.902934481578562753e+01,1.879708799151282506e+01,1.785843080527446602e+01,1.702961997834543695e+01,1.717695232189457855e+01,1.788694176498423971e+01,1.824736273908204254e+01,1.740977100195209815e+01,1.740459313220415538e+01,1.855323605706499634e+01,1.771375907436368990e+01,1.594720750527209674e+01,1.565710729291506453e+01,1.477644891084999479e+01,1.448638298534883972e+01,1.555671200452805536e+01,1.748667003333122594e+01,2.027934535111848646e+01,2.076696042256232033e+01,2.005101709099601237e+01,1.875562982564192538e+01,1.757113775403314548e+01,1.693598180716722368e+01,1.666011200356501121e+01,1.508312548424087396e+01,1.490954360285523350e+01,1.353418768828262486e+01,1.339994092790168700e+01,1.173256900354694565e+01,1.195229062139025267e+01,1.246605334322718228e+01,1.291969273040470512e+01,1.106349463347152629e+01,9.337665997476923607e+00,1.044337286984552904e+01,1.218424868577827169e+01,1.179676462687997329e+01,1.207444410833319459e+01,1.172982643964222405e+01,1.223942524666376919e+01,1.145490883420856676e+01,1.130366119064944996e+01,1.207111119928468668e+01,1.239394234180803167e+01,1.191624450645878674e+01,1.177379794024863102e+01,1.097680900599161014e+01,1.092359108666808964e+01,1.093483625770303114e+01,1.237930278812696194e+01,1.426795878828308872e+01,1.484412407560457581e+01,1.474327995580161144e+01,1.533987619650563161e+01,1.481228713703631961e+01,1.456253882849295245e+01,1.397276609856728058e+01,1.373617920604094422e+01,1.287040991878572527e+01,1.259263955680400393e+01,1.200857107597958517e+01,1.020905751844734510e+01,7.752200018864348507e+00,7.240673932458088657e+00,6.896249791477289115e+00,6.484073347033206147e+00,6.528853165052754370e+00,6.892582463361513589e+00,6.419609880268813740e+00,4.348062520977137524e+00,3.760979399026932679e+00,5.897863795434620471e+00,8.650129044399756495e+00,8.856302515580402712e+00,9.664332742907868479e+00,1.143910419893973796e+01,1.267925734328106735e+01,1.509160384368132846e+01,1.377781403244380876e+01,1.340848171494813634e+01,1.348966961721626667e+01,1.348590264370358405e+01,1.402223280698566299e+01,1.308650972307225402e+01,1.540697939059806743e+01,1.701960125560844617e+01,1.680578693302483373e+01,1.784212112349032964e+01,1.963284988117678864e+01,2.117819218951514415e+01,2.085130992060975430e+01,2.127094798275114940e+01
-1.431689013756806794e+01,-1.334994970109976897e+01,-1.290141956045099114e+01,-1.108668654523011199e+01,-1.041290959297410268e+01,-9.930763465667592271e+00,-1.263941146447413466e+01,-1.360818685368759517e+01,-1.512676915161295454e+01,-1.580326200403557735e+01,-1.571938672619365107e+01,-1.589952830931521177e+01,-1.714850373523425020e+01,-1.795500895430591370e+01,-1.780215678013001579e+01,-1.945903706979775194e+01,-2.003268012432796397e+01,-1.965945130939265439e+01,-1.994514449171771986e+01,-1.834847585893383126e+01,-1.853062865891568833e+01,-1.791223117686433142e+01,-2.077531294096197456e+01,-2.014056345929911984e+01,-2.030623109838608542e+01,-1.982917184686155920e+01,-2.017794082814006629e+01,-2.003991670921522328e+01,-1.976014306230735329e+01,-1.958246487911353739e+01,-2.169160418486537978e+01,-2.193718267054647697e+01,-2.012208493811485610e+01,-1.922281406628699685e+01,-1.884801057351229048e+01,-1.898858801278029063e+01,-1.878421033577214772e+01,-1.866757216230280392e+01,-1.729243850024932172e+01,-1.661406108794500724e+01,-1.551868053894379784e+01,-1.558912090536206740e+01,-1.507746576930843041e+01,-1.717931675712857853e+01,-1.674724724030877354e+01,-1.634762126626485212e+01,-1.585370943718820769e+01,-1.639418002167530375e+01,-1.549617875859589233e+01,-1.591605301967062047e+01,-1.540432192975381831e+01,-1.455157300846097357e+01,-1.442595315742916107e+01,-1.432538450882164582e+01,-1.357799042773826592e+01,-1.350568452895109317e+01,-1.427420214669422904e+01,-1.343144718414409411e+01,-1.304099173593928462e+01,-1.288108683376437114e+01,-1.234250509559192643e+01,-1.164720269488016235e+01,-1.238934978578714308e+01,-1.218389668618349653e+01,-1.270822747646426620e+01,-1.223532477466425661e+01,-1.185986715521080725e+01,-1.179202892295232807e+01,-1.055535514148555798e+01,-8.753007566279059404e+00,-9.096139374173496606e+00,-8.899133729048680053e+00,-9.902522964756720114e+00,-1.015803517591638183e+01,-1.268595277373333552e+01,-1.747364962639417740e+01,-2.045668547158057038e+01,-1.998837156994009590e+01,-1.934287090578088808e+01,-2.035975215197100141e+01,-1.941647779396905094e+01,-1.779155654287106358e+01,-1.676231756078964352e+01,-1.701940170542867392e+01,-1.576587051063061828e+01,-1.586757986140411880e+01,-1.653747715908470539e+01,-1.804413636225886464e+01,-1.735819406068927151e+01,-1.745704575385685331e+01,-1.741359541971009151e+01,-1.706757060924450897e+01,-1.538002138527499163e+01,-1.546864080608114733e+01,-1.588322549803811690e+01,-1.493935145887503602e+01,-1.349111698123084935e+01,-1.295661930740482681e+01,-1.428502065001420185e+01,-1.538311595403883913e+01,-1.647344835459303170e+01,-1.729017734571898757e+01,-1.701334977129078041e+01,-1.710089156685189238e+01,-1.600632746397554484e+01,-1.612353654993456331e+01,-1.787069137836233779e+01,-1.938263446572453574e+01,-1.890967338436067280e+01,-1.859254870681534655e+01,-1.773577055287015725e+01,-1.703764640700071098e+01,-1.674952289189933552e+01,-1.652454735411481934e+01,-1.542646806299425322e+01,-1.425068488612083151e+01,-1.519096547043684353e+01,-1.506004709286998278e+01,-1.563766098161064910e+01,-1.611670956761211571e+01,-1.601951838171330067e+01,-1.668962413143813706e+01,-1.587379328362326802e+01,-1.433112260561796170e+01,-1.373170970861411355e+01,-1.531347461559895429e+01,-1.678877586047598669e+01,-1.844823589534351882e+01,-1.807782955632367816e+01,-1.757645600222016213e+01,-1.578571934973095026e+01,-1.460092354312175367e+01,-1.361597537483747544e+01,-1.312808778763197992e+01,-1.273838865965245581e+01,-1.209588411225565530e+01,-1.165212060435962371e+01,-1.095954895376108951e+01,-1.138830051096810259e+01,-1.421134337020268390e+01,-1.414773285596701413e+01,-1.388077081957282388e+01,-1.623434347935149091e+01,-1.908645404619001340e+01,-2.198964324343089061e+01,-2.323857676334839439e+01,-2.242659625322416161e+01,-2.195292220325896793e+01,-2.193154652415427108e+01,-2.094546558035598238e+01,-2.007361698455264332e+01,-1.954618566309841654e+01,-1.924731523316636128e+01,-1.823428056522573115e+01,-1.646244387473058524e+01,-1.528743418096529716e+01,-1.600690575938420679e+01,-1.734436868012764421e+01,-1.707886432657868880e+01,-1.816030521316464430e+01,-1.889475840104047677e+01,-1.847890417199808155e+01,-1.747513870348574017e+01,-1.608270191538809968e+01,-1.478528125069117216e+01,-1.425964084024191791e+01,-1.469088881681406811e+01,-1.321549772613543006e+01,-1.400298510840070954e+01,-1.429464521788762710e+01,-1.282608994883578823e+01,-1.221227742326572141e+01,-1.148396623705840547e+01,-1.095178997673782639e+01,-1.129471768333034554e+01,-1.056013498957310937e+01,-1.074193238312198240e+01,-1.102818172121792806e+01,-9.556168887279730129e+00,-8.658880270050493877e+00,-8.717815455643581402e+00,-7.678931555451115720e+00,-7.376696764971042874e+00,-7.148468929828342588e+00,-6.704327817034894998e+00,-5.463850750102997367e+00,-4.080639807927916252e+00,-3.833331250215270547e+00,-5.170078164631179973e+00,-5.570224302100065472e+00,-5.449945956851366624e+00,-5.164674695203780530e+00,-4.153719675281961621e+00,-4.949479243974724163e+00,-5.119259859707628202e+00,-5.650838417041402550e+00,-6.352912251310103287e+00,-8.821298856481899264e+00,-9.954677663630722151e+00,-1.178922050868828464e+01,-1.542781143240956965e+01,-1.530533967473265911e+01,-1.538398872317853616e+01,-1.601389330140015588e+01,-1.764464668888177457e+01,-1.782675124068780192e+01,-1.849790958834947219e+01,-1.981874173530681205e+01,-1.980112066265408544e+01,-2.019840132371082930e+01,-2.193619221692871335e+01,-2.309626759709884425e+01,-2.363962848249028070e+01,-2.364129451176699703e+01,-2.213975145753198959e+01,-2.193448382310282696e+01,-2.252486265003470933e+01,-2.319715958660815502e+01,-2.215504110592212328e+01,-2.298935457078073341e+01,-2.595932417069709075e+01,-2.623675798184001096e+01,-2.620091537092002554e+01,-2.416838028916378178e+01,-2.334382378542586522e+01,-2.257844751068303424e+01,-2.291075137784476112e+01,-2.168322708578786262e+01,-2.053868940363261686e+01,-1.883520203148894723e+01,-1.729658019542912228e+01,-1.708910974490582291e+01,-1.708502050159926355e+01,-1.562021937146453787e+01,-1.492260308947026459e+01,-1.514287100179068979e+01,-1.457361979757403603e+01,-1.493002169414750924e+01,-1.721290500111348010e+01,-1.831625897499025157e+01,-1.815374953369543576e+01,-1.917010280461204275e+01,-2.075826395379020539e+01,-2.046682638371474283e+01,-1.925332088934459307e+01,-1.925561272484385711e+01,-2.247577354402434580e+01,-2.251121276325143938e+01,-2.377125365889738617e+01,-2.375863635874457103e+01,-2.189997527042009295e+01,-2.063526778473426759e+01,-1.918379117551401336e+01,-1.892123103514239446e+01,-1.997015017620280375e+01,-1.971022716365508387e+01,-1.933228012856583433e+01,-1.938391646249601052e+01,-1.935269493418782361e+01,-2.048326804838074011e+01,-2.147676907783406008e+01,-2.261239634453551872e+01,-2.093823975454055386e+01,-2.027530499906120909e+01,-1.967580351704097907e+01,-1.986832301741348772e+01,-2.021352734293981612e+01,-2.084690679594669405e+01,-2.007115198111736376e+01,-1.860479762944073912e+01,-1.831324886672879515e+01,-1.697582986967427487e+01,-1.608074788760495366e+01,-1.446491065526842945e+01,-1.513480369895447986e+01,-1.581806034322673682e+01,-1.644669298124388135e+01,-1.708001809491398149e+01,-1.608208728804679666e+01,-1.504509763448771942e+01,-1.546785533601142859e+01,-1.525602812694785371e+01,-1.498523997001065489e+01,-1.450204028961622882e+01,-1.390506647268897034e+01,-1.414662926964115108e+01,-1.384414983680404987e+01,-1.279694276504263151e+01,-1.242964148227453158e+01,-1.253297199320383015e+01,-1.207597672489044172e+01,-1.151113618432274599e+01,-1.034269072891614805e+01,-9.599207115465327789e+00,-8.200529026130240595e+00,-7.932634711297314567e+00,-6.706228364655876462e+00,-5.546007078129999712e+00,-6.733116485325782108e+00,-8.234259099790346426e+00,-7.258984662292882639e+00
1.089547897530551168e+01,1.028791130178280078e+01,9.321639370354922960e+00,8.321254795353386413e+00,8.789030540394410451e+00,8.583466480587091496e+00,8.871593951672760880e+00,8.014546020672943527e+00,6.871727563674873807e+00,4.763939891048417863e+00,3.115968007095178738e+00,1.175331567027396718e+00,1.325300076814666772e+00,8.679621574724409871e-01,6.481081440692388895e-01,2.192777794882578402e+00,2.177520209633908799e+00,2.077721853708002886e+00,7.142598590248128154e-02,5.298554172612578439e-01,7.154890319596893811e-01,-3.560496020975810194e-01,-1.139212059950614142e+00,-1.098306658454677232e+00,-5.615918540914741630e-01,-1.004129475382373515e+00,-6.827847806484641513e-01,-2.226455219230607074e+00,-2.197890427927391421e+00,-3.094522465140646883e+00,-3.461889270363446514e+00,-3.326480048509287357e+00,-5.298388132071888634e+00,-7.924444062612183259e+00,-7.453984094395971205e+00,-5.215939252215858524e+00,-4.618789158050487842e+00,-5.631741837868240452e+00,-4.993211686820703044e+00,-4.849700533935112468e+00,-4.376703830280789020e+00,-3.565038189320981932e+00,-3.472405737644299606e+00,-2.495539962172464321e+00,-3.460380204511959157e+00,-2.887759108171850997e+00,-3.768720162065422929e+00,-4.146326127961919461e+00,-3.236677285989156161e+00,-2.609493629829609862e+00,-4.510047689408149374e+00,-6.381234263949346008e+00,-7.187957890605291666e+00,-7.392148652007088039e+00,-6.008237134074353669e+00,-4.801740338519794093e+00,-5.673064445792307176e+00,-4.348949452356198897e+00,-3.378723319807623415e+00,-1.895680018561008762e+00,-1.575069228552206546e+00,-8.319698286172758639e-01,-6.891491732316573637e-01,-1.796684912917471566e+00,-2.489024170124335189e+00,-3.327543137877646107e+00,-2.896308785522919038e+00,-1.739763433778596102e+00,-9.571804302224876659e-01,-4.088708049384054410e-01,5.709529969561494278e-01,-5.803439421887861549e-01,-1.988441934068405192e+00,-4.876568497971154770e+00,-5.494149134235890131e+00,-3.416043950869185775e+00,-1.510680010923818317e+00,1.455549079429757198e+00,2.551130195931561317e+00,3.743861168782779636e+00,4.452472607615636235e+00,4.768321469719646544e+00,3.347214340749055772e+00,7.436887596918207999e-01,-9.719539149029834402e-01,-3.839770256946140048e+00,-4.686425409686450827e+00,-6.414241931498770199e+00,-9.605758525012033644e+00,-1.209335445969100498e+01,-1.150255418361627235e+01,-9.233630750600449133e+00,-8.128201782942609199e+00,-7.600083309257269271e+00,-8.711844510758991689e+00,-9.362127528498517037e+00,-9.427328770143864389e+00,-1.009487542424774986e+01,-1.316030643949294721e+01,-1.366577484860097336e+01,-1.425025344354338408e+01,-1.132751172816319318e+01,-9.297120238030498030e+00,-8.168765607414847807e+00,-5.964317766219397576e+00,-5.460884564891296478e+00,-3.217011954246709493e+00,-5.725450059158175620e+00,-6.451126695104723474e+00,-5.943858241838743339e+00,-3.939713646971212402e+00,-3.305058319281231949e+00,-1.369655576824219789e+00,-2.125113572862053601e+00,-4.762654884899275132e+00,-4.594296119192653016e+00,-5.377345111089780971e+00,-6.874749559802042498e+00,-6.857478099007065175e+00,-5.544943807748499154e+00,-5.297327728593662854e+00,-4.181820789583099440e+00,-3.155585550178534593e+00,-1.866075582779344710e+00,-1.533779758649806535e+00,-8.263432844718303638e-01,2.091668447309549816e-01,1.593276319747924052e+00,2.445610185766400768e+00,2.987346422162679982e+00,2.466946966034164745e+00,3.686790977652190104e+00,4.329707406856276641e+00,4.955164928170687766e+00,3.500765771797837100e+00,4.287961431416665192e+00,5.486613323119011731e+00,5.729797090865389464e+00,6.397363899722828151e+00,6.938329914400534371e+00,5.078060190261240336e+00,4.262671228758874165e+00,1.943757138145749908e+00,3.102528793403874108e+00,3.895183961909796544e+00,4.595687221273146328e+00,4.896860365032570606e+00,8.380980365931513631e+00,1.101140575998875448e+01,1.013248102847300025e+01,1.170168721247669730e+01,1.172758612331421801e+01,1.385573516032087760e+01,1.451450243110766714e+01,1.302012045249476735e+01,1.196858411653119170e+01,1.284849123863710929e+01,1.401554088557027811e+01,1.572849530139519025e+01,1.617355072842804731e+01,1.537003709457815148e+01,1.486093104801215503e+01,1.345359821556244739e+01,1.362533472927683498e+01,1.369995669565686214e+01,1.291342321491311651e+01,1.281047684201724124e+01,1.196568827686947145e+01,1.223637803904939325e+01,1.315884879223006720e+01,1.328601412926285974e+01,1.470255725949776071e+01,1.316971941099386001e+01,1.349274747335753410e+01,1.429646175983440592e+01,1.415800561401104218e+01,1.413172298842623320e+01,1.241172903951809836e+01,1.090066249559500200e+01,1.056614066989873812e+01,1.069787562638989264e+01,1.005422884606763034e+01,8.962520929209953024e+00,8.709653634224281404e+00,9.841446476220493622e+00,1.024088761160395933e+01,9.584581787769613115e+00,1.144097978696639295e+01,1.159085989268818295e+01,1.008739176988463981e+01,9.459637682104034440e+00,7.068808854461091862e+00,6.552680252320456589e+00,6.171065961384360143e+00,6.329982238863088639e+00,6.732679902790918547e+00,6.356124050553456861e+00,6.501023727669651642e+00,6.745148646054440533e+00,7.766250615444620031e+00,7.411336581818956937e+00,7.249704476322008873e+00,7.352611278601568046e+00,5.404606905421384333e+00,4.738932981350231444e+00,4.878959011457084216e+00,4.615244459099391960e+00,4.500086488110811800e+00,5.537693072198099919e+00,5.467439740795862591e+00,6.042927543294587700e+00,7.469508306048663115e+00,1.001315772700245077e+01,1.041552990084093189e+01,9.209913900629178585e+00,7.910854198188865816e+00,7.340136790989827631e+00,5.789703301578045469e+00,5.842860411577933455e+00,6.788243161275437920e+00,7.833978412841751116e+00,8.676427650712627226e+00,7.700319645592931472e+00,8.851271864335368278e+00,1.094422678246499281e+01,1.238913366150783979e+01,1.305467451107118393e+01,1.404005820760530376e+01,1.548443988455430187e+01,1.615974546534483380e+01,1.642219984229460650e+01,1.750672383966915646e+01,1.812641365337056598e+01,1.800903825552131110e+01,1.786505601917104613e+01,1.852987124529640894e+01,1.817949229699696900e+01,1.868944823893959040e+01,1.780328327534878596e+01,1.585388794379370125e+01,1.463139628250812940e+01,1.426840890740928813e+01,1.219744311546311977e+01,7.774031803222097636e+00,6.570360967569119914e+00,8.165595880674070273e+00,9.326415041687795338e+00,8.687841379877436765e+00,8.381126190421165134e+00,4.997721927614872328e+00,3.649151531200555798e+00,4.754233542442464433e+00,6.913567274613420466e+00,9.152595560515312201e+00,1.137035480257109832e+01,1.270420556292324576e+01,1.521238375890797023e+01,1.592636270067598403e+01,1.658362596503393505e+01,1.643365059834502517e+01,1.443527894513837495e+01,1.405363236575730213e+01,1.269490386552148564e+01,1.275665801511129160e+01,1.242237623603167762e+01,1.239128533966851364e+01,1.243175884651265761e+01,1.272974090530330749e+01,1.321259897810500483e+01,1.351632153169438944e+01,1.380041975307302948e+01,1.447541346983108923e+01,1.484575017958663956e+01,1.477770697596004545e+01,1.488636063034053159e+01,1.522434303264565436e+01,1.529128901228616577e+01,1.539342693512169014e+01,1.635607465578792130e+01,1.742415879706705795e+01,1.743338197290745839e+01,1.748546260513622030e+01,1.810547289757861833e+01,1.774027957118092758e+01,1.790170735976498406e+01,1.728147949699458508e+01,1.761056785972278860e+01,1.811540279306580814e+01,1.734891814853822467e+01,1.744097518194564600e+01,1.684608287422498663e+01,1.611736177948328219e+01,1.553632151783301651e+01,1.502734505394962206e+01,1.364967578013842164e+01,1.294046761140300461e+01,1.325677181336786958e+01,1.354882318211787506e+01,1.287931686548680688e+01,1.349628416780428886e+01,1.482494697781357651e+01
1.051349426154785327e+00,2.252136562661997576e+00,2.664142191044047703e+00,3.448812975095328248e+00,3.111285393665577992e+00,2.398543408159864665e+00,3.091173681682114260e+00,3.330307619604892189e+00,3.028179664368889412e+00,3.817903728166621491e+00,6.379283276345635301e+00,6.425352044351187786e+00,7.769800154298681427e+00,8.588541557172954199e+00,9.553323324549642948e+00,9.853031391225085756e+00,9.258510930534956884e+00,8.978855329564780163e+00,9.097276651938773995e+00,9.044131566956947310e+00,8.771279654157597250e+00,9.589753633710964564e+00,8.624381829146889444e+00,7.761253500956604157e+00,7.045954874589696715e+00,6.434019651765519043e+00,4.639420083539659068e+00,5.107833174706073898e+00,3.952098645568348445e+00,4.771631800722044403e+00,4.150008977697028811e+00,5.839294256081699608e+00,5.557244450202983188e+00,5.299977434033937840e+00,3.371352356104554193e+00,2.768458942321098348e+00,2.856580824388272877e+00,1.626607079654656562e+00,1.881120780242363066e+00,1.757556340800623396e+00,1.567091403612776546e+00,2.369562168221471588e+00,3.747208451969261667e+00,4.007006021446479771e+00,4.637857535990615787e+00,5.591617272904966462e+00,6.102856708891832405e+00,6.867665513178361714e+00,7.738600640219072346e+00,7.721114850565604648e+00,7.424043916844414781e+00,6.145066361476716921e+00,6.031612690880654881e+00,6.454876294167367412e+00,6.346725394893207195e+00,3.450546019411182108e+00,3.607575289975235577e+00,2.496457226984497346e+00,3.027031475239007730e+00,3.513413234493349968e+00,3.087617381371451142e+00,2.836047584206261796e+00,2.524439451202125539e+00,3.366439449567440345e+00,2.788814903923765520e+00,1.510054530424631780e+00,3.273422930288100163e-01,2.373233335291404511e-01,7.636333598194853245e-01,1.788570030549851309e+00,1.797566898590894358e+00,1.385220504604687708e+00,3.302647086313901692e+00,4.137549750677270488e+00,3.089503104088154206e+00,-3.039085510038257443e-01,-1.990882134284064797e+00,-1.249959148868400594e-01,5.458223960482904147e-01,1.726690529126665652e+00,1.964289488864082500e+00,2.556900105535667933e+00,1.259823404993686724e+00,1.678069278440488254e+00,2.172200756664059540e+00,2.352731071942896435e+00,1.743230525353938409e+00,2.149475346034470657e+00,2.059323201449158258e+00,2.852087247016176441e+00,4.188242506114735697e+00,2.584117456910082655e+00,3.202987272301168087e+00,3.287348191614589688e+00,4.135200356101549346e+00,3.764995724783855913e+00,3.498363572121728104e+00,3.821271903609185561e+00,2.306761345329178425e+00,3.076261602565587783e+00,6.699851807947931448e+00,7.781896319280060759e+00,8.346260874940258034e+00,9.390003512515029627e+00,1.000521970509805314e+01,1.011518758511810745e+01,8.866210379580666157e+00,8.880028398358065900e+00,8.554925853849272954e+00,8.839378426730654326e+00,9.610534321558183990e+00,8.110724462020931114e+00,7.326001628066122429e+00,7.644871980473568307e+00,7.785989286586578295e+00,6.293566590775934166e+00,4.531544099948828119e+00,4.583104276639742736e+00,4.745788337201043205e+00,3.490759490587433067e+00,3.034259129159300628e+00,4.565684390819149563e+00,6.063319829173798858e+00,6.183699677053105859e+00,5.981483151202328763e+00,5.848381821903349653e+00,5.555004102685402678e+00,4.942770909946447411e+00,3.863463120511672511e+00,4.514563440025105123e+00,5.740665374299156021e+00,5.719316709714947322e+00,6.951356476953492347e+00,8.338573332297920970e+00,7.641114663599658741e+00,8.313284219291510624e+00,8.446078914523813097e+00,8.738600897694519531e+00,9.441323017961025243e+00,1.028159911213893452e+01,9.807996320314874339e+00,1.093066949894201656e+01,1.011871859388655537e+01,1.065445897415916932e+01,1.025525169685500870e+01,1.019709728443616115e+01,9.634182377565601030e+00,1.008194859889240824e+01,1.097504012296188769e+01,1.148686528361815995e+01,1.197427077594210054e+01,1.125537232774919261e+01,1.146058709425122757e+01,1.249367003192062775e+01,1.213732830592338630e+01,1.088228825203847627e+01,1.079309295095545806e+01,1.155229733428152450e+01,1.248749782765350425e+01,1.295867363786059556e+01,1.274419627411327660e+01,1.144541918599537489e+01,9.821919958854351762e+00,8.376236173557538578e+00,8.898218395301883632e+00,7.895189262086707238e+00,7.791362088818359233e+00,9.285551708532461035e+00,1.024544030413078488e+01,1.052169039977045983e+01,1.086885230972115224e+01,1.197459054796670941e+01,1.256637673607897199e+01,1.164729883186305948e+01,1.081199548776943686e+01,1.037974160961648451e+01,9.500473341564944718e+00,1.015619337600865357e+01,9.644690496358515830e+00,6.338887044247328184e+00,5.199172271727632300e+00,5.611406892632439636e+00,5.490403054829422480e+00,4.593531351869510004e+00,3.384341448969809374e+00,3.585797134565161581e+00,4.359453811004420309e+00,4.401253399645934650e+00,4.325610780484672624e+00,4.293566994479415477e+00,4.036297055635282405e+00,3.585605238201721612e+00,2.831599071673560619e+00,1.691525610136165314e+00,1.354185324445710936e+00,9.356049675295053936e-01,4.238018073282124321e-01,9.356671213657431763e-02,9.116906842595696725e-01,6.482785395827970198e-01,-9.084940147859744686e-01,-2.240313911074173436e+00,1.385357229042585292e+00,3.342729767422686571e+00,5.790690541281344750e+00,6.623321593769245119e+00,7.054962662430228626e+00,6.436617255577047558e+00,5.369000875298310049e+00,4.992585333751965671e+00,3.592169904808563352e+00,4.308026703675516877e+00,4.413720408541975004e+00,4.598304724979338509e+00,3.731846715906924405e+00,3.690717085871714209e-01,-3.698958521433325153e+00,-7.259424047051743045e+00,-8.326910641106515243e+00,-8.218055374917913269e+00,-7.819091615703206877e+00,-8.008500033156771281e+00,-7.372838300928678201e+00,-7.057385896798164637e+00,-7.288347062076418581e+00,-6.378372514297367069e+00,-5.159038891100895974e+00,-4.805208348847589406e+00,-5.536178836413402138e+00,-5.183507447904787568e+00,-4.633944272180942292e+00,-5.463702509607579749e+00,-6.613332259093864351e+00,-5.957988971189180027e+00,-4.029704836788113198e+00,-3.039609437755155241e+00,-1.974999641037969544e+00,-1.294601565614646566e+00,-2.359480297310378116e+00,-1.769588839367084665e+00,-1.837368541796377874e+00,-1.744888154269455427e+00,-1.972383419877681510e+00,-1.970800239179169466e+00,-1.265962281527528432e+00,-1.687761704410406960e+00,-1.942794991387507775e+00,-2.286081530536678397e+00,-2.618009639585383130e+00,-2.408179368160001221e+00,-1.588902094449817559e+00,-1.193232125945517863e+00,-2.121704716514670519e+00,-3.303379852498380398e+00,-3.228275436091615269e+00,-2.550984673661242041e+00,-1.847909124876507381e+00,-2.057104784230417760e+00,-2.359216873461352559e+00,-1.878023361344377529e+00,-2.486645281634789928e+00,-2.522677754346507761e+00,-2.349609019582665770e+00,-2.762181581871113512e+00,-1.147868348409055050e+00,3.120534655673224966e-01,1.484295678620889625e+00,1.571761269162766705e+00,2.432056064147860130e+00,1.560080335163283483e+00,2.479248177641374173e+00,2.669801749695800197e+00,2.127938269743583799e+00,2.833379190227153899e+00,2.384430574303126882e+00,2.157117217013312604e+00,1.340892130880255495e+00,2.038292660411825885e+00,3.254575116946496482e+00,4.326460090168354533e+00,6.202738477183455501e+00,7.949579917331296208e+00,8.038853478779635964e+00,8.717157534285183473e+00,8.141893353564666924e+00,6.876640366656539882e+00,6.695403412101597063e+00,7.286167982711488023e+00,9.536847658996070010e+00,9.798017417931589534e+00,9.963244490997396952e+00,1.029186188059375873e+01,1.034252242164778934e+01,1.070824007678375267e+01,1.167810809774961278e+01,1.073069725662762508e+01,1.175030832863924246e+01,1.126158876910383810e+01,1.136581402956529452e+01,1.095107905583262564e+01,1.193304846668901753e+01
4.066854165324488513e+00,3.714487186285303721e+00,3.507542582937721587e+00,4.116420714990356444e+00,2.808446958438515662e+00,-1.218101246921153402e+00,-1.603617169579960144e+00,-2.751464591022926842e-01,4.654588341392872919e-01,2.341414956518503399e+00,2.442907156730524498e+00,1.775531952400812186e+00,2.640883747524406910e+00,2.199925325355219563e+00,2.470157005976356235e+00,3.361603441480980781e+00,5.397427325582655477e+00,6.976814875557079354e+00,8.285763431720219785e+00,8.770791952487769549e+00,7.916918915928174982e+00,7.288794749855535215e+00,8.101317696453646633e+00,6.310623594017013005e+00,5.962642315586698771e+00,4.628788274206363518e+00,4.302423757754594291e+00,2.652079549894789334e+00,1.166905932621732811e+00,-2.939905680764557938e-01,1.050310221158819113e+00,7.947352655381554332e-01,9.545749201547559792e-02,-4.728993440094042544e-01,3.179418234302851531e-01,1.391549329636763588e+00,9.438685402106169464e-01,-3.059025881644469869e-01,-1.287640970388615802e+00,-5.270557953466156048e-02,4.840293210130596768e-01,8.492775084558997767e-01,1.620763660826752606e+00,2.687399223473046384e+00,4.790030033616297089e+00,5.907988499117398540e+00,6.678152259372144961e+00,6.719808125057562975e+00,6.937501550087613822e+00,8.020953174755614867e+00,7.649502098756566504e+00,6.942132631542791366e+00,5.244123193831766727e+00,4.554360231144047866e+00,5.047218046212560871e+00,4.539515878890604483e+00,5.785441479263583098e+00,7.874119731742542427e+00,7.293604217047970018e+00,6.962301234690980500e+00,8.935956161061945124e+00,1.085456363206434816e+01,1.133376908313236875e+01,1.062767781631600172e+01,1.046719837846688428e+01,1.117788300696458315e+01,1.235502988836518057e+01,1.336808277465956074e+01,1.373990175513808687e+01,1.325761834641120451e+01,1.161631983620829089e+01,1.110123584296742294e+01,1.097999592529141388e+01,1.140458935562310749e+01,1.187330116872594310e+01,1.307371985318270191e+01,1.360009899131994437e+01,1.450096186662556796e+01,1.513471233803545779e+01,1.472713296386186776e+01,1.461231732318789689e+01,1.454858072243565559e+01,1.470158031792029796e+01,1.480634443010028889e+01,1.400224378206907971e+01,1.459384139053442375e+01,1.577038827166375334e+01,1.504248525006154047e+01,1.491573648094513871e+01,1.334012040044787106e+01,1.432238917119539678e+01,1.386520955633919527e+01,1.282949943128791404e+01,1.296344753475903921e+01,1.230785385000279497e+01,1.056509757367357771e+01,7.436607890000104248e+00,3.100976540993529706e+00,3.350003961431197386e+00,2.113942091973489035e+00,1.962253758271252924e+00,2.573653603442089821e+00,2.883022604064924721e+00,3.411271384285571973e+00,4.145000025545153122e+00,2.959753524130583013e+00,1.988873210207552367e+00,6.532138612719511350e-01,-1.566525173296112738e-01,-1.186353020963831550e+00,-4.656940527529156992e-01,5.386773419202290913e-01,2.137815449440489957e+00,3.481293144540076323e+00,4.560710210697363820e+00,5.455103086984822269e+00,6.863138177400730733e+00,7.800895964598760557e+00,8.206377921930652519e+00,8.557740341982000842e+00,1.054819786796970327e+01,1.051100243443637972e+01,5.965424398335324341e+00,4.080199065071232312e+00,3.917922789478157863e+00,3.956097298597165857e+00,5.595527576273453541e+00,5.733117684061070918e+00,5.363128542676307120e+00,5.595371331426068018e+00,5.037604013167270800e+00,5.544539011462326528e+00,5.035340479183346929e+00,5.291601423015309891e+00,6.469105089788674157e+00,6.668106950952163103e+00,7.116329299864273317e+00,7.759824292955640246e+00,8.261780078955734297e+00,7.214850919729686396e+00,5.704681914397456310e+00,3.991304185758095535e+00,3.826788183669677323e+00,2.820847203447712559e+00,1.268313290358050960e+00,3.002370382783394742e+00,1.756108118278381314e+00,2.176066971291796825e+00,2.963439310502964830e+00,3.836017062441314796e+00,4.334400965800404570e+00,4.426260810370299836e+00,4.812604662984143467e+00,4.574368642185071998e+00,2.837047414397459555e+00,2.484929356178779969e+00,1.894788118054321346e+00,1.300434750205650580e+00,1.751600639563609230e+00,3.662610480725318585e+00,3.967222512921904531e+00,3.874324793972563796e+00,3.056374650183207198e+00,2.130713634430782655e+00,1.934409054839542508e+00,2.705780872958125638e+00,3.903227239216590316e+00,4.911666890715471467e+00,4.513691729813384512e+00,1.846526190835930503e+00,-1.028535342028216171e-01,-1.552473485786565410e+00,-2.590808022185052462e+00,-3.373661556261731587e+00,-4.068762145986405621e+00,-5.813864446814492659e+00,-6.241013800422153146e+00,-5.834966161026018838e+00,-4.295833788844524825e+00,-3.857031909627594235e+00,-2.747508554174777018e+00,-2.997807471386957356e+00,-4.950689922377401686e+00,-3.560320620497135824e+00,-2.762032992825846467e+00,-1.079212282498241748e+00,6.740937009336869234e-01,-1.097776581246982630e+00,-1.028039836523656936e+00,2.926518262362256539e-01,1.927907413798286562e+00,1.051928271063079068e+00,9.109461088451690225e-01,1.604450795586782386e+00,3.046477462281694137e+00,4.060060520114268989e+00,4.362072135431966480e+00,5.137161996394574714e+00,8.105229923781614332e+00,1.238574685938501219e+01,1.222961563572699362e+01,1.417224002649537340e+01,1.386694413271595394e+01,1.378744438199346334e+01,1.357243708944418614e+01,1.420113032273042108e+01,1.248103267094263558e+01,1.140519141832303340e+01,1.001233863362277710e+01,9.628436579123423655e+00,1.045210658012986826e+01,8.679339736326044275e+00,7.724322002753826411e+00,6.201253441412109879e+00,4.938451389275182457e+00,3.741782959561852362e+00,2.651141434871684854e+00,2.281699217632796373e+00,2.886182419728926973e+00,3.792652950706693282e+00,3.160730796466993731e+00,-1.164760539781495297e+00,-2.900589890519686076e+00,-5.720480996837672194e+00,-6.585154007149862210e+00,-5.797927472269542193e+00,-4.536272041389603160e+00,-4.153012915248182502e+00,-3.107424901769029191e+00,-3.347826845301614895e+00,-2.369427578077323293e+00,-2.476745940227401910e+00,-1.365148370680378642e+00,-9.087053610246537128e-01,1.155847064249991979e-01,9.520250273860098034e-01,2.142094590975898161e+00,1.235557013194212406e+00,1.292839481096324850e+00,1.847346789099437725e+00,1.252788061215072801e+00,1.025630187421294082e+00,2.833572079663940202e-01,1.562130782930120532e+00,3.285849754999103478e+00,3.820176172741374554e+00,3.599266132855247324e+00,4.898530905241350375e+00,4.567965878495878762e+00,4.293895139157848817e+00,1.234052465811499077e+00,1.111819816048949666e-01,1.404098071869054776e+00,9.013889599194983004e-01,6.323853757669583020e-01,3.416695826982484308e-01,7.020300858075466666e-01,1.496826194747407746e+00,1.276011903302503248e+00,1.960704861925906650e+00,2.668724681671683641e+00,2.441775469061342019e+00,2.151762446257349026e+00,2.012292006743190420e+00,1.488817764731973359e+00,1.662379518369354825e+00,9.689034036147712303e-01,1.754747462050889384e+00,2.204215017035451751e+00,1.423365779413013898e+00,1.358923967921327636e+00,-8.446780972581966473e-01,-3.566775888840028053e+00,-5.047272820215831679e+00,-6.940772243987258783e+00,-5.942181350800763262e+00,-6.423440312542300745e+00,-7.005418213627693014e+00,-7.769367014851332520e+00,-8.110191350811122746e+00,-1.076851662027016232e+01,-1.096656583264854135e+01,-1.101944891346919064e+01,-1.133455398340679032e+01,-1.126690783339641300e+01,-1.270448424635130102e+01,-1.295134536427256577e+01,-1.316485528444956721e+01,-1.217032173607951862e+01,-1.184310494086241228e+01,-1.252965241349063419e+01,-1.256482884601877359e+01,-1.202768145536660782e+01,-1.255946753366555235e+01,-1.321502966592514383e+01,-1.503518355733613809e+01,-1.610474473862108269e+01,-1.659661039183507825e+01,-1.831878497310894716e+01,-1.870486232476550370e+01,-2.017987073763894657e+01
2.747141004357405158e+00,3.339991004667151930e+00,3.839665015776126289e+00,3.402656007913687386e+00,3.365715256022435931e+00,5.583438134550493537e+00,5.955182265420148724e+00,5.028146289127972679e+00,3.509395741720504613e+00,2.458948354583458951e+00,2.720374563382743638e+00,1.985174558227056352e+00,1.769530322602639094e+00,2.913805225944732236e+00,4.017968593749515982e+00,3.524359549781268086e+00,3.109013673548680412e+00,-1.178979282206935181e-01,-5.477140199266925524e-01,5.288397006683472901e-01,1.110171466461721268e+00,-3.774438643917221725e-01,-1.861351590726478822e+00,-7.904017129749395520e-01,1.391043379921471868e+00,3.581570052781832381e+00,3.864758913076475455e+00,4.148191791731691502e+00,4.695252337765573714e+00,6.009840319795661578e+00,6.412628746361514587e+00,6.443162490891572780e+00,7.179614155254688157e+00,6.642074509286036488e+00,6.186048109425268393e+00,3.409526250927914948e+00,3.256977872206014535e+00,3.277505209627845417e+00,3.149760308023223487e+00,3.476151775586455273e+00,4.187025038969133917e+00,5.021314537596961891e+00,6.766708522901052625e+00,8.242229617047721391e+00,8.616106691455520661e+00,9.556123279198004639e+00,9.372579288937613384e+00,9.400594464313883236e+00,7.858744465884664798e+00,7.174701166696620724e+00,5.952846911011570263e+00,5.486222250298834702e+00,4.842983588366383430e+00,5.100036031255401170e+00,3.816162016409243130e+00,3.422831996409520627e+00,4.008621691009589760e+00,6.026640367223956574e+00,6.048394778990480170e+00,6.846183197488567629e+00,7.423071470492242696e+00,7.903964000458679529e+00,8.026996627270735374e+00,7.657615896484911033e+00,6.855307372580839775e+00,6.148498293288286121e+00,6.244669286891491922e+00,4.810333068962062697e+00,2.574651588748048336e+00,1.336706729018746431e+00,-8.846451909879969877e-01,-2.193146569573192206e+00,-2.743939855137716766e+00,-2.819003464765752920e+00,-3.150937437446067246e+00,-4.276385091886982792e+00,-4.116142031620901420e+00,-2.859349071261365172e+00,-2.361676951843481476e+00,-3.240772381328569818e+00,-3.578190279466016310e+00,-6.074968170961972724e+00,-7.519593999852641097e+00,-8.186356858211192744e+00,-7.626100602757055036e+00,-7.747466456163268234e+00,-9.063961992144507818e+00,-1.054165714013035071e+01,-1.080440220675516017e+01,-1.158164882409242225e+01,-1.311159869600113659e+01,-1.505168960411952028e+01,-1.516609216146406069e+01,-1.550527462799793632e+01,-1.599790635794667182e+01,-1.461917488032064583e+01,-1.473636699287565399e+01,-1.276043714598578127e+01,-1.113364808881767765e+01,-1.044682964896121824e+01,-1.001982057497131784e+01,-1.114864740799187892e+01,-1.243799173526728730e+01,-1.255560162696107263e+01,-1.278738958558212957e+01,-1.337709702841215886e+01,-1.285218391073898836e+01,-1.274399055314357376e+01,-1.255183245440864503e+01,-1.154036533606978310e+01,-1.165206632100420236e+01,-1.297767835024662020e+01,-1.354521342773204218e+01,-1.246909091577311557e+01,-1.231014922205558371e+01,-1.225808825443922423e+01,-1.328295578143945121e+01,-1.406127370470503202e+01,-1.442189829211376839e+01,-1.366218062677700829e+01,-1.379001753026399157e+01,-1.356019722144410089e+01,-1.301794743830754264e+01,-1.137622696720753446e+01,-1.145546936505976099e+01,-1.097175254764314900e+01,-1.166670771473639512e+01,-1.209686857955097139e+01,-1.117562824353846196e+01,-1.080569336529993762e+01,-1.021176352099693041e+01,-8.749392371604054475e+00,-8.653746193067625825e+00,-8.373732578595175724e+00,-1.088420843929917403e+01,-1.130493055946167580e+01,-1.066986626152314344e+01,-1.236957695303092741e+01,-1.155565754232384634e+01,-1.089196650660471910e+01,-1.123020857376905290e+01,-1.161493331313049993e+01,-1.033855897390758649e+01,-9.701081676108184837e+00,-1.075693244563723461e+01,-1.073350547994120419e+01,-1.076126850399653279e+01,-1.174468022201220307e+01,-1.218584756480946574e+01,-1.118839127771063957e+01,-1.193803520157069897e+01,-1.287899217455793988e+01,-1.333091569895300488e+01,-1.321045805360495073e+01,-1.137921019812008616e+01,-1.209215178670612900e+01,-1.175451452193955149e+01,-1.174326008186779902e+01,-1.211119754259317638e+01,-1.018908888381682054e+01,-1.062222890748676285e+01,-1.135637318900345605e+01,-1.131427936037818327e+01,-1.161264308487805330e+01,-1.174018691114878798e+01,-1.037831377470488370e+01,-9.108665378952011338e+00,-9.245332200037029935e+00,-8.751976361260986437e+00,-8.684638430735876824e+00,-8.496439871725378623e+00,-7.925735014502553355e+00,-7.455056707502650148e+00,-8.713299178973265668e+00,-9.739144429917287127e+00,-1.055994309369524764e+01,-1.114316451715100520e+01,-1.124009832070420423e+01,-1.067367035185366575e+01,-1.031865225985776924e+01,-9.926664116872277788e+00,-9.412635551813989920e+00,-8.377842250230303378e+00,-9.338893736179999294e+00,-9.878845557046377124e+00,-8.634093444051110566e+00,-8.612685857385097066e+00,-7.366007961109479751e+00,-6.966614256638713698e+00,-6.178214354788548413e+00,-4.004821076090164134e+00,-3.385836028645001328e+00,-1.770075116992696485e+00,1.264987691460232488e+00,2.774568744252030594e+00,3.972062345555537721e+00,4.488250634608987433e+00,5.314116654042893018e+00,6.396109416598418029e+00,7.223656569655334536e+00,6.893464640087941575e+00,3.529876688330706003e+00,1.057042381028089784e+00,2.659432042889176562e-01,9.527460722092061518e-01,4.692394676006225174e-01,4.135874220640124443e-01,-9.260622294464596616e-01,-1.584798542095008589e+00,-3.433937041456924799e-01,-7.579624166459527634e-01,-4.396621718661191669e-01,-2.855870350077362452e-01,1.899819858392671201e-01,2.231773726619551979e-01,3.071357842148546569e-01,1.380317049718239875e-01,3.329310329854024531e+00,3.911846214714840730e+00,5.213550533725938685e+00,5.985731045033742426e+00,5.515213482915929610e+00,4.430462070549478604e+00,1.928955549049597762e+00,9.188390551508746062e-01,7.514329245887808595e-01,1.562504127016821176e+00,3.225499118417182842e+00,3.035595329873706838e+00,1.828644474744623105e+00,2.144128255667917315e+00,2.903390293722555970e+00,2.827209983476115518e+00,2.704718050931180340e+00,3.726224656280321845e+00,3.435141769482267016e+00,3.186249303225624718e+00,2.954038177600545101e+00,2.749270239394530968e+00,3.779806038282610636e+00,3.392820842545279936e-01,-5.663108033480593884e-01,4.962466471139386631e-02,1.200057881797562898e+00,1.039305298423131019e-01,4.379716782639104800e-01,-3.784004981288641711e-01,-3.311928611591301586e-01,9.900545985919792513e-02,6.625882034342157612e-01,1.914067113163822720e+00,2.740700336215863508e+00,2.496148116101103209e+00,2.545853084396600963e+00,2.794357158693467902e+00,1.542721915485866235e+00,1.952215735921965845e+00,1.481975387258764654e+00,1.451858254899261791e+00,2.626576761804867211e+00,2.743229397870028397e+00,2.107520977197252066e+00,2.313881072740344269e+00,3.988256688511899739e+00,4.444606913510035895e+00,4.088722583795067145e+00,3.702255568144204645e+00,4.856106351886034567e+00,4.302757601843688384e+00,5.654566255420226284e+00,6.639663319221738469e+00,6.465565095133319673e+00,6.869889999790261825e+00,7.068473444261917038e+00,7.887465240486899454e+00,6.957969494197794980e+00,7.283977365491073996e+00,5.558140620010934008e+00,4.887944563800249220e+00,4.886567336499475722e+00,5.698936819069038151e+00,7.417578028511224275e+00,9.111707490684482380e+00,9.353797086524027193e+00,9.329369525132953811e+00,1.011995033993595960e+01,1.151219775731155970e+01,1.217047434981175158e+01,1.244276308548467114e+01,1.306736189748332322e+01,1.341002361478726890e+01,1.228969331567173562e+01,1.140368344412311075e+01,1.171098231380799248e+01,1.198718560124311949e+01,1.172192315792241502e+01,1.161464670302211388e+01,1.157978135935584518e+01,1.204174565117694229e+01,1.333643161068451199e+01,1.360640517400155858e+01
-1.918808377227966133e+01,-2.009945471667423078e+01,-1.871407371839461931e+01,-1.853334363723167755e+01,-1.924094127444554658e+01,-2.035438628621208323e+01,-1.849213020714883626e+01,-1.816357844613109407e+01,-2.005630494525977525e+01,-1.973192705688395066e+01,-1.908838964912194669e+01,-2.016963804489162726e+01,-2.031058733085479773e+01,-2.121537711264925363e+01,-2.372888994406898888e+01,-2.649544701038168526e+01,-2.654268291945834690e+01,-2.656951689946621187e+01,-2.708553071715939353e+01,-2.615543554052196740e+01,-2.701455226793355635e+01,-2.750738862717945565e+01,-2.798396733948239756e+01,-2.691457908095461704e+01,-2.702129297423680399e+01,-2.714200630858269392e+01,-2.617782546894440188e+01,-2.623390229316557765e+01,-2.550610992786770481e+01,-2.439880608068938628e+01,-2.393551605864344722e+01,-2.460511383047069600e+01,-2.599860269394245904e+01,-2.595283801458195683e+01,-2.591871401638645622e+01,-2.607513787479981460e+01,-2.685939517652548858e+01,-2.914816684144574666e+01,-2.779784804299903200e+01,-2.776015025846481876e+01,-2.957159567595736505e+01,-3.052641832403637423e+01,-2.939522255856509148e+01,-2.703922453218132205e+01,-2.587426153869265377e+01,-2.359938298841912996e+01,-2.259609756333988173e+01,-2.295022798381762996e+01,-2.147412546387554855e+01,-2.048782299305606713e+01,-1.958708235075836157e+01,-1.642759046449539184e+01,-1.459450019642048879e+01,-1.400389500745184002e+01,-1.220088189692777014e+01,-1.175589244540590883e+01,-1.094048986454975747e+01,-1.180156030391412258e+01,-9.958449150906398373e+00,-1.060657266868645721e+01,-1.071404053267809431e+01,-9.253565474545830227e+00,-9.347336344117353590e+00,-9.946177524617407784e+00,-8.464058253813661281e+00,-9.136511704569402426e+00,-1.194617376450889346e+01,-1.371045986470707057e+01,-1.327385144886886259e+01,-1.390691705529847511e+01,-1.432116659599241970e+01,-1.394389707579378879e+01,-1.361545494478843388e+01,-1.369344708738796257e+01,-1.482695200769465593e+01,-1.617974312606057907e+01,-1.711903313269144533e+01,-1.655769495439680838e+01,-1.707130774095665160e+01,-1.800588528213311790e+01,-1.675307468999034910e+01,-1.600693120922107227e+01,-1.647445105504105456e+01,-1.848829667002736699e+01,-1.881479336280394676e+01,-1.929642049092959155e+01,-2.062196019351306475e+01,-2.170421226457441932e+01,-1.996071139504722680e+01,-2.138856856654062000e+01,-2.070559948296194719e+01,-1.983356407539791988e+01,-2.006038818954804981e+01,-2.233314320412548781e+01,-2.168559364589950178e+01,-2.303549072776743500e+01,-2.239790330738093971e+01,-2.273536105976036481e+01,-2.176230437428767672e+01,-2.105745773069388704e+01,-2.060311271742318695e+01,-1.957692329985658830e+01,-1.950400875806980494e+01,-1.752236451802766126e+01,-1.759708998665864499e+01,-1.703773936218209784e+01,-1.391784868805392072e+01,-1.406702324560008499e+01,-1.438821410917615573e+01,-1.351394355471136777e+01,-1.355552662707125045e+01,-1.285020158163748327e+01,-1.694657897180995931e+01,-1.991378259280271479e+01,-1.849082168033272211e+01,-1.844022724136550906e+01,-1.981818906950939763e+01,-1.925761800368566412e+01,-2.101850866818944397e+01,-2.200135179329395996e+01,-2.197745135674797012e+01,-2.210900480858285277e+01,-2.413835659287357771e+01,-2.649335172909111691e+01,-2.611501146914892502e+01,-2.463230183110231764e+01,-2.366933728558937133e+01,-1.902195738286680182e+01,-1.597800427934981826e+01,-1.460449586219156259e+01,-1.300969801653805291e+01,-1.218668162087797135e+01,-1.137188449297240744e+01,-1.682580329198222202e+01,-1.831314897955948240e+01,-1.904799554636280234e+01,-1.943077574550544284e+01,-1.923193061955982230e+01,-1.874027888924178242e+01,-1.836890686312331411e+01,-1.681884690932779236e+01,-1.938355769589182742e+01,-1.924113217474317139e+01,-1.823441459302721768e+01,-1.741536369226003345e+01,-1.785678918965681561e+01,-1.870068568848105883e+01,-2.166067092550273898e+01,-2.250758755731306593e+01,-2.221964157719813571e+01,-2.294440069404049964e+01,-2.391362684480365175e+01,-2.411982876541635079e+01,-2.024400093509019882e+01,-1.701526274807135763e+01,-1.504927978863423377e+01,-1.317209450629533762e+01,-1.254252900556338091e+01,-1.755007712407174836e+01,-2.010356507982861984e+01,-2.219268568201878722e+01,-2.172986351406080985e+01,-2.179727310261528572e+01,-2.272336496700197372e+01,-2.300718810362455358e+01,-2.441898581001261803e+01,-2.459588921031383890e+01,-2.337537829282731749e+01,-2.209572615581146238e+01,-2.114493815999149007e+01,-2.112897454554848053e+01,-2.008404261767902099e+01,-1.979476648762362956e+01,-1.869049938888339568e+01,-1.945841451003825284e+01,-1.774113937110172401e+01,-1.730939780458108146e+01,-1.651795924535585414e+01,-1.624449227981949306e+01,-1.594978821817942993e+01,-1.522727556319675202e+01,-1.498743985349176633e+01,-1.569590771095543325e+01,-1.695725319746576787e+01,-1.631555602392764115e+01,-1.617032596081011775e+01,-1.613285926697509609e+01,-1.626887233260035615e+01,-1.695602613107003620e+01,-1.700168753119129406e+01,-1.609183259931055332e+01,-1.657644470622890509e+01,-1.672265328245270055e+01,-1.617897269379108849e+01,-1.607959186145695440e+01,-1.557342984014264964e+01,-1.510612652477592555e+01,-1.567088450006625067e+01,-1.594922649383899405e+01,-1.758356517892771009e+01,-1.715107339996513502e+01,-1.701679381041650174e+01,-1.607825747431289898e+01,-1.692600899175296192e+01,-1.601593752473112175e+01,-1.595368231773104739e+01,-1.425675453052066288e+01,-1.287087869921590766e+01,-1.093519287275390184e+01,-1.051933060279907828e+01,-1.248933382754040089e+01,-1.550542316474098747e+01,-1.859435464684426620e+01,-1.805812407035917033e+01,-1.895509341197500319e+01,-1.973220272849277990e+01,-2.003700513662604976e+01,-1.743649652417035512e+01,-1.718472766172191868e+01,-1.733991323770844417e+01,-1.865193658735635651e+01,-1.716336765260086494e+01,-1.727256105729601643e+01,-1.678852094255172744e+01,-1.749819558966877153e+01,-1.737246578564876032e+01,-1.775501120569866131e+01,-1.679028969072791710e+01,-1.579232125420755040e+01,-1.646707428334311629e+01,-1.578379510742995784e+01,-1.467013160385480752e+01,-1.383825862148860786e+01,-1.388383552482395800e+01,-1.496250346077261462e+01,-1.686080383165967334e+01,-1.761281916998102304e+01,-1.925032134465942235e+01,-1.912789129274011302e+01,-1.887752689296707942e+01,-1.893696728798295936e+01,-1.871881189874218521e+01,-1.697620400658793471e+01,-1.615143582461233507e+01,-1.462784087691045620e+01,-1.330372691696209841e+01,-1.154891129465165989e+01,-1.220617531219865626e+01,-1.039884110702642417e+01,-9.755372984559487648e+00,-9.202688110386855413e+00,-9.243046670695045819e+00,-8.539250642717943762e+00,-7.155988874581362680e+00,-6.854492291712128704e+00,-6.689186033623594874e+00,-8.229742051223142951e+00,-8.481116847881947862e+00,-9.227672539846734523e+00,-9.212352694455100632e+00,-8.186593703900427954e+00,-7.287679646697684532e+00,-4.940754617707780127e+00,-4.425634666322852517e+00,-2.543091545739050385e+00,-8.358893205767089496e-01,5.265759543914320107e-01,1.178045691287566754e+00,2.357883975186970904e+00,2.652618991928354930e+00,4.939270268182363921e+00,5.327689842510410223e+00,2.947756741343614983e+00,3.277006014096085273e+00,2.461651111813782489e+00,6.933771680405790283e-01,-1.025461373027537482e+00,-2.854363803718096837e-01,2.113949784066747606e-01,2.179919308839051162e+00,4.510661899977399081e+00,6.143909764008864016e+00,6.788725473635112806e+00,7.478574168867780259e+00,8.066803036761674761e+00,9.909174924125316863e+00,1.234624015618919479e+01,1.283176272634045745e+01,1.331191606058673749e+01,1.229798849755966472e+01,1.391313639628498144e+01,1.339243152618454502e+01,1.340875630484565839e+01,8.772324322584587719e+00,7.062820336624254125e+00,8.373608990618457426e+00,7.487312241151701464e+00,6.245826036608440823e+00,4.179457283884570273e+00,3.926788950817581725e+00,5.230007238261643820e+00
3.285849754999103478e+00,3.820176172741372778e+00,3.599266132855247324e+00,4.898530905241350375e+00,4.567965878495878762e+00,4.293895139157848817e+00,1.234052465811499077e+00,1.111819816048949666e-01,1.404098071869054776e+00,9.013889599194983004e-01,6.323853757669583020e-01,3.416695826982484308e-01,7.020300858075466666e-01,1.496826194747407746e+00,1.276011903302503248e+00,1.960704861925906650e+00,2.668724681671683641e+00,2.441775469061342019e+00,2.151762446257349470e+00,2.012292006743190420e+00,1.488817764731973359e+00,1.662379518369354825e+00,9.689034036147712303e-01,1.754747462050889384e+00,2.204215017035451751e+00,1.423365779413013898e+00,1.358923967921327636e+00,-8.446780972581966473e-01,-3.566775888840028053e+00,-5.047272820215831679e+00,-6.940772243987258783e+00,-5.942181350800763262e+00,-6.423440312542300745e+00,-7.005418213627693014e+00,-7.769367014851332520e+00,-8.110191350811122746e+00,-1.076851662027016232e+01,-1.096656583264853602e+01,-1.101944891346918887e+01,-1.133455398340679032e+01,-1.126690783339641300e+01,-1.270448424635130102e+01,-1.295134536427256577e+01,-1.316485528444956721e+01,-1.217032173607951862e+01,-1.184310494086241228e+01,-1.252965241349063419e+01,-1.256482884601877359e+01,-1.202768145536660782e+01,-1.255946753366555235e+01,-1.321502966592514383e+01,-1.503518355733613809e+01,-1.610474473862108269e+01,-1.659661039183507825e+01,-1.831878497310894716e+01,-1.870486232476550370e+01,-2.017987073763895012e+01,-1.943330359292715315e+01,-1.918808377227966133e+01,-2.009945471667423078e+01,-1.871407371839461931e+01,-1.853334363723167755e+01,-1.924094127444554658e+01,-2.035438628621208323e+01,-1.849213020714883626e+01,-1.816357844613109407e+01,-2.005630494525977525e+01,-1.973192705688395066e+01,-1.908838964912194669e+01,-2.016963804489162726e+01,-2.031058733085479773e+01,-2.121537711264925363e+01,-2.372888994406898888e+01,-2.649544701038168526e+01,-2.654268291945834690e+01,-2.656951689946621187e+01,-2.708553071715939353e+01,-2.615543554052196740e+01,-2.701455226793355635e+01,-2.750738862717945565e+01,-2.798396733948239756e+01,-2.691457908095461704e+01,-2.702129297423680399e+01,-2.714200630858269392e+01,-2.617782546894440188e+01,-2.623390229316557765e+01,-2.550610992786770481e+01,-2.439880608068938628e+01,-2.393551605864344722e+01,-2.460511383047069600e+01,-2.599860269394245904e+01,-2.595283801458195683e+01,-2.591871401638645622e+01,-2.607513787479981460e+01,-2.685939517652548858e+01,-2.914816684144573600e+01,-2.779784804299903200e+01,-2.776015025846481876e+01,-2.957159567595736505e+01,-3.052641832403637423e+01,-2.939522255856509148e+01,-2.703922453218132205e+01,-2.587426153869265377e+01,-2.359938298841912996e+01,-2.259609756333988173e+01,-2.295022798381762996e+01,-2.147412546387554855e+01,-2.048782299305606713e+01,-1.958708235075836157e+01,-1.642759046449539184e+01,-1.459450019642048879e+01,-1.400389500745184002e+01,-1.220088189692777014e+01,-1.175589244540590705e+01,-1.094048986454976280e+01,-1.180156030391412258e+01,-9.958449150906398373e+00,-1.060657266868645721e+01,-1.071404053267809431e+01,-9.253565474545830227e+00,-9.347336344117353590e+00,-9.946177524617407784e+00,-8.464058253813661281e+00,-9.136511704569402426e+00,-1.194617376450889346e+01,-1.371045986470707057e+01,-1.327385144886886259e+01,-1.390691705529847511e+01,-1.432116659599241970e+01,-1.394389707579378879e+01,-1.361545494478843388e+01,-1.369344708738796257e+01,-1.482695200769466126e+01,-1.617974312606057552e+01,-1.711903313269144533e+01,-1.655769495439680838e+01,-1.707130774095665160e+01,-1.800588528213311790e+01,-1.675307468999034910e+01,-1.600693120922107227e+01,-1.647445105504105456e+01,-1.848829667002736699e+01,-1.881479336280394676e+01,-1.929642049092959155e+01,-2.062196019351306475e+01,-2.170421226457441932e+01,-1.996071139504722680e+01,-2.138856856654062000e+01,-2.070559948296194719e+01,-1.983356407539791988e+01,-2.006038818954804981e+01,-2.233314320412549847e+01,-2.168559364589948402e+01,-2.303549072776743500e+01,-2.239790330738093971e+01,-2.273536105976036481e+01,-2.176230437428767672e+01,-2.105745773069388704e+01,-2.060311271742318695e+01,-1.957692329985658830e+01,-1.950400875806980494e+01,-1.752236451802766126e+01,-1.759708998665864499e+01,-1.703773936218209784e+01,-1.391784868805392072e+01,-1.406702324560008499e+01,-1.438821410917615573e+01,-1.351394355471136777e+01,-1.355552662707125045e+01,-1.285020158163748327e+01,-1.694657897180995576e+01,-1.991378259280271834e+01,-1.849082168033272211e+01,-1.844022724136550906e+01,-1.981818906950939763e+01,-1.925761800368566412e+01,-2.101850866818944397e+01,-2.200135179329395996e+01,-2.197745135674797012e+01,-2.210900480858285277e+01,-2.413835659287357771e+01,-2.649335172909111691e+01,-2.611501146914892502e+01,-2.463230183110231764e+01,-2.366933728558937133e+01,-1.902195738286680182e+01,-1.597800427934981826e+01,-1.460449586219156259e+01,-1.300969801653805291e+01,-1.218668162087796603e+01,-1.137188449297241277e+01,-1.682580329198222202e+01,-1.831314897955948240e+01,-1.904799554636280234e+01,-1.943077574550544284e+01,-1.923193061955982230e+01,-1.874027888924178242e+01,-1.836890686312331411e+01,-1.681884690932779236e+01,-1.938355769589182742e+01,-1.924113217474317139e+01,-1.823441459302721768e+01,-1.741536369226003345e+01,-1.785678918965681561e+01,-1.870068568848105883e+01,-2.166067092550273898e+01,-2.250758755731306593e+01,-2.221964157719813571e+01,-2.294440069404049609e+01,-2.391362684480364464e+01,-2.411982876541635079e+01,-2.024400093509019882e+01,-1.701526274807135763e+01,-1.504927978863423377e+01,-1.317209450629533762e+01,-1.254252900556338091e+01,-1.755007712407174836e+01,-2.010356507982861984e+01,-2.219268568201878722e+01,-2.172986351406080985e+01,-2.179727310261528572e+01,-2.272336496700197372e+01,-2.300718810362455358e+01,-2.441898581001261803e+01,-2.459588921031383890e+01,-2.337537829282731749e+01,-2.209572615581146238e+01,-2.114493815999149007e+01,-2.112897454554847343e+01,-2.008404261767902099e+01,-1.979476648762362956e+01,-1.869049938888339568e+01,-1.945841451003825284e+01,-1.774113937110172401e+01,-1.730939780458108146e+01,-1.651795924535585414e+01,-1.624449227981949306e+01,-1.594978821817942993e+01,-1.522727556319675202e+01,-1.498743985349176633e+01,-1.569590771095543325e+01,-1.695725319746576787e+01,-1.631555602392764115e+01,-1.617032596081011775e+01,-1.613285926697509609e+01,-1.626887233260035259e+01,-1.695602613107003620e+01,-1.700168753119130471e+01,-1.609183259931055332e+01,-1.657644470622890509e+01,-1.672265328245270055e+01,-1.617897269379108849e+01,-1.607959186145695440e+01,-1.557342984014264964e+01,-1.510612652477592555e+01,-1.567088450006625067e+01,-1.594922649383899405e+01,-1.758356517892771009e+01,-1.715107339996513502e+01,-1.701679381041650174e+01,-1.607825747431289898e+01,-1.692600899175296192e+01,-1.601593752473112175e+01,-1.595368231773104739e+01,-1.425675453052066288e+01,-1.287087869921590766e+01,-1.093519287275390006e+01,-1.051933060279907828e+01,-1.248933382754040089e+01,-1.550542316474098747e+01,-1.859435464684426620e+01,-1.805812407035917033e+01,-1.895509341197500319e+01,-1.973220272849277990e+01,-2.003700513662604976e+01,-1.743649652417035512e+01,-1.718472766172191868e+01,-1.733991323770844417e+01,-1.865193658735635651e+01,-1.716336765260086494e+01,-1.727256105729601643e+01,-1.678852094255172744e+01,-1.749819558966876798e+01,-1.737246578564876032e+01,-1.775501120569866131e+01,-1.679028969072791710e+01,-1.579232125420755040e+01,-1.646707428334311629e+01,-1.578379510742995784e+01,-1.467013160385480752e+01,-1.383825862148860786e+01,-1.388383552482395800e+01,-1.496250346077261462e+01,-1.686080383165967334e+01,-1.761281916998102304e+01,-1.925032134465942235e+01,-1.912789129274011302e+01,-1.887752689296707942e+01,-1.893696728798295936e+01,-1.871881189874218521e+01,-1.697620400658793471e+01
8.251249608586522788e-01,2.180051449858484425e+00,2.287066742116793616e+00,1.708079594289746872e+00,-4.246418214544440128e-01,-1.315283637984713927e+00,-2.380467163926843543e+00,-2.167979389233551046e+00,-1.993192314909973950e+00,-1.330245838463119945e+00,2.122774517767248292e-01,1.259314079941929787e+00,2.490726610717979295e+00,1.241371252181313167e+00,-4.868389191123101867e+00,-6.890441973315092561e+00,-7.632679391465285512e+00,-9.185724675688460295e+00,-9.934758219989888062e+00,-1.088782100359197713e+01,-1.125045235095081431e+01,-1.146880811693004887e+01,-1.210026147056557377e+01,-1.330805503405427359e+01,-1.551106243477601154e+01,-1.960757361481165262e+01,-2.310439252493922169e+01,-2.417936237507651143e+01,-2.465819936278420954e+01,-2.549310637110542288e+01,-2.824429357975957089e+01,-2.875773930645452481e+01,-2.789648495931088945e+01,-2.718022662639276987e+01,-2.530847618138378863e+01,-2.598575024730936534e+01,-2.567507640499350785e+01,-2.631405983758773459e+01,-2.540278498255059958e+01,-2.451742451201430484e+01,-2.447106635364996663e+01,-2.246791680498009214e+01,-2.139113571761080479e+01,-2.073932819675362893e+01,-2.140377617043978375e+01,-2.015612380897577083e+01,-2.126934477704774551e+01,-2.040535355089516756e+01,-1.888249891550414716e+01,-1.865591304346991208e+01,-1.761164885979741968e+01,-1.667429003514615005e+01,-1.608520028812911207e+01,-1.562854504360033658e+01,-1.530700987891769671e+01,-1.426452847739523477e+01,-1.364224071961986340e+01,-1.405636866817187780e+01,-1.421171546565804000e+01,-1.456024770711633565e+01,-1.472695796524825695e+01,-1.321715134155999927e+01,-1.241497005696106370e+01,-1.240660078740048178e+01,-1.108870895938749612e+01,-1.109121837698571333e+01,-1.085338220198959469e+01,-9.905328357845933240e+00,-9.614483832160322763e+00,-8.537146003084144397e+00,-9.668468766019714167e+00,-9.802563434958974753e+00,-1.106010464468293897e+01,-1.221190177900062324e+01,-1.296102293023710317e+01,-1.135629802158772073e+01,-1.040097830577621707e+01,-1.210282603598162154e+01,-1.283810963397778160e+01,-1.204132748266459707e+01,-1.056854759419718803e+01,-9.538245999036821132e+00,-1.129752581088186325e+01,-1.472877700751503127e+01,-1.715712572862417673e+01,-1.753547315951006524e+01,-1.607507895149659660e+01,-1.479551327057861165e+01,-1.376341922539398510e+01,-1.305143896797311243e+01,-1.153939036358360859e+01,-1.109468394263721613e+01,-1.046497565671117869e+01,-9.395298287108914792e+00,-7.752241961607345466e+00,-6.765188165300612511e+00,-5.900499571636153462e+00,-5.443455517437141289e+00,-4.446338271745704063e+00,-3.232484324544421472e+00,-2.352485213034549716e+00,-2.543293527074677485e+00,-3.818989626585743480e+00,-3.662529387715788953e+00,-4.107541970236977313e+00,-4.833010691719388241e+00,-3.223309088929712463e+00,-1.856231186383472842e+00,-2.020870696925562982e+00,-2.745199661572651717e+00,-3.143698878476884673e+00,-2.035627359887238974e+00,-1.333424430825171481e+00,-1.067333726402913463e+00,-9.934276933863583903e-01,-2.723829219275361702e+00,-1.727294977676827381e+00,-1.667387680974966813e+00,-1.870787926627407227e+00,-1.907944538960157477e+00,-2.074855074588627168e+00,-2.556192596581957410e+00,-2.985331366751426074e+00,-3.485943223524215817e+00,-7.059369055809906257e+00,-8.498970575959377882e+00,-9.699446467457967458e+00,-1.044555776196546937e+01,-1.074721943818816783e+01,-1.267489620249064686e+01,-1.337748845989515978e+01,-1.465561996796356325e+01,-1.648564876622724285e+01,-1.561367541301630801e+01,-1.494514496625657074e+01,-1.384674561850727592e+01,-1.276128647934449845e+01,-1.130317779387912580e+01,-1.041282642292395444e+01,-9.030427419245627974e+00,-7.527303437127938146e+00,-6.947114127514367077e+00,-7.091274661556854930e+00,-7.391451171913192120e+00,-6.490223209549346173e+00,-5.900602741007332952e+00,-5.624621668841743194e+00,-6.209777706009211862e+00,-5.968652479104494368e+00,-5.037096371401608152e+00,-4.387270061373497398e+00,-4.438761253120034667e+00,-4.216665235618219931e+00,-3.808144135399997854e+00,-3.861796359258749867e+00,-4.511369447258854137e+00,-4.421912985327720591e+00,-6.626642561246566032e+00,-6.278860200589109652e+00,-6.591991742277651056e+00,-7.361573613052859066e+00,-8.320970533523921020e+00,-8.525917157369535815e+00,-7.176131980881383043e+00,-6.320642333155460868e+00,-9.291451919842305784e+00,-9.383379382484896780e+00,-9.190187000451162547e+00,-8.623936895486917109e+00,-8.752692726344575291e+00,-7.749370518389603113e+00,-7.672903504860648205e+00,-1.067436109981971271e+01,-9.978912591617511652e+00,-9.687083939596998761e+00,-9.263396425126238398e+00,-1.038270469170577215e+01,-1.093486326008736143e+01,-1.082665306729856347e+01,-1.071730151906138673e+01,-9.893756866762945634e+00,-8.206488228311132005e+00,-1.107104787657113576e+01,-1.295907778912491892e+01,-1.534290493811597855e+01,-1.534407444619586158e+01,-1.270150850048464797e+01,-1.174567634389529758e+01,-1.161949168562192725e+01,-1.111405895951361344e+01,-1.118265919073645343e+01,-1.325692928248625435e+01,-1.198378368342367928e+01,-1.156487543853254785e+01,-1.098695272562917857e+01,-1.005453237198169347e+01,-8.612872991597358308e+00,-7.024928290240891826e+00,-7.057928932977930003e+00,-6.988910014085147004e+00,-5.742477803596684360e+00,-5.477875739566718138e+00,-4.320331771544601906e+00,-5.420015804632594580e+00,-5.246327561294662267e+00,-6.084678280263513095e+00,-6.570996564628234893e+00,-7.991793356059824660e+00,-8.688647699751731679e+00,-9.660426582914706017e+00,-8.898518881672071501e+00,-9.016119800346839241e+00,-9.169462892884686411e+00,-8.030646324567641159e+00,-7.468332847410269260e+00,-7.496955607733281290e+00,-7.108453843658789850e+00,-5.172498791236407101e+00,-5.952856370345084969e+00,-6.484643988566322292e+00,-7.614452764213259783e+00,-6.532456869160622404e+00,-5.879236234088370594e+00,-6.072602493926503087e+00,-5.080241415044406850e+00,-5.309172942350396163e+00,-7.141471850201451588e+00,-7.772291437606740239e+00,-7.356004337957896766e+00,-6.252387631066732787e+00,-5.967182622313943696e+00,-7.755540758562021963e+00,-8.016504660485695766e+00,-8.951468214664888734e+00,-1.012576437740294999e+01,-1.137349221280199707e+01,-9.946570876732366173e+00,-9.113700699871275290e+00,-8.803231097161496876e+00,-7.659984776439930698e+00,-8.341700008506302666e+00,-8.302111459037346819e+00,-8.389878409363356937e+00,-7.862268880387857095e+00,-6.782370080312637661e+00,-6.187464826312472965e+00,-6.004029215432349353e+00,-5.732807876771008004e+00,-8.913822396754895294e+00,-8.167185850535272351e+00,-7.821301941072046127e+00,-9.760179701095033522e+00,-1.270614500300571770e+01,-1.548771804393218332e+01,-1.624650258091039134e+01,-1.800012723111729684e+01,-1.860264794935338628e+01,-2.192834964093761840e+01,-2.317685324632251209e+01,-2.423213052017357683e+01,-2.163212287626752683e+01,-2.067986881387967557e+01,-2.074529250263790203e+01,-2.012929806197346849e+01,-1.958662593527777673e+01,-1.979092245895471081e+01,-1.749150690330921876e+01,-1.778318177509920517e+01,-1.804695016369209171e+01,-1.676638236009581462e+01,-1.573517247068745384e+01,-1.455164740833939163e+01,-1.434183446387709004e+01,-1.691780402157861118e+01,-1.634381709874767097e+01,-1.595329047667830125e+01,-1.373877887216249327e+01,-1.050322040910944921e+01,-1.026817586866267362e+01,-9.806540449850148278e+00,-9.933417109810376289e+00,-1.039815886297640724e+01,-1.109902710250850788e+01,-1.086288905085947576e+01,-9.955105477880024978e+00,-9.691629775036473049e+00,-9.990120129482953359e+00,-1.132850639798849102e+01,-1.077115797752542647e+01,-1.070709378173635429e+01,-8.550586282598606758e+00,-7.593711788686642095e+00,-8.765015779794531170e+00,-9.657801298565569681e+00,-1.218667441238254767e+01,-1.229381871809433768e+01,-1.265140766536258177e+01,-1.539192146630948521e+01,-1.434292745902171973e+01,-1.325921502638484384e+01,-1.353816933049285076e+01
1.336110522949788226e+01,1.313066547890044866e+01,1.523766498863981234e+01,1.443773077753351508e+01,1.399656998247700557e+01,1.389160338351051216e+01,1.490053136654498012e+01,1.647059795558761053e+01,1.724169298131730699e+01,1.760654172904733983e+01,1.819670466703925982e+01,1.799132145183996911e+01,1.750899087385219488e+01,1.635334898388145675e+01,1.534569455199326882e+01,1.434176243129554074e+01,1.449358825557535013e+01,1.469114155151370049e+01,1.330210705344133082e+01,1.032036136612139288e+01,1.136950489560115685e+01,1.354406676702433110e+01,1.438603818832466175e+01,1.075152395979694120e+01,1.079926682582928521e+01,1.126963939593694164e+01,1.086049203248668782e+01,1.070977674610514718e+01,1.063414728468821124e+01,1.027365150001689997e+01,1.012901230977047362e+01,1.098347803586432470e+01,1.084822425526361300e+01,9.354122308914748274e+00,8.797568357594487409e+00,9.479057852144803675e+00,6.634384643697917916e+00,5.717801854697492914e+00,6.951116522241490792e+00,8.451488614731806237e+00,8.859759590450538624e+00,8.347896842356313130e+00,8.129295048355164255e+00,8.140718164051722994e+00,8.157112488180636944e+00,8.415902337714939563e+00,8.598524718375285758e+00,8.634055469137900118e+00,9.197545281024611441e+00,1.134493057874055388e+01,1.191083542628317282e+01,1.154286435682137757e+01,1.124035221759702985e+01,1.066572201678068588e+01,1.000201279775447460e+01,1.089464974429046151e+01,1.304410904655659920e+01,1.310523687271008875e+01,1.086096556860221973e+01,1.150162273565331361e+01,1.094175626320343753e+01,1.133183082163581190e+01,1.108287544321391138e+01,1.045451063135819858e+01,1.038949277173666452e+01,9.811955048400712087e+00,9.996780146505326314e+00,1.024066910957878562e+01,9.034597097755355577e+00,8.609976204625164442e+00,8.117830011695213344e+00,7.856435986700406993e+00,8.757759730903158513e+00,1.164436951957863187e+01,1.321812555056543914e+01,1.445172598602509950e+01,1.387246594887855267e+01,1.513112225398037758e+01,1.518942265295672023e+01,1.193947633522278906e+01,1.168291171240737825e+01,1.188837989731680622e+01,1.283608160575165513e+01,1.370696018608759026e+01,1.314643438839213019e+01,1.190786852385624428e+01,1.150295140585975595e+01,1.213523743530073595e+01,1.290066658602407124e+01,1.338172421440710025e+01,1.300993143666284446e+01,9.813430059974061592e+00,4.358045940800614027e+00,1.658234629777471048e+00,1.189522827980700637e+00,6.172366813529100993e-01,1.311486253001502345e+00,2.251935966953822366e+00,1.603606053504613937e+00,2.848585232641724030e+00,3.227429169646728990e+00,4.507495741572710379e+00,5.816385359005602496e+00,6.662848532043063265e+00,6.046633398855066233e+00,4.465628191072362974e+00,4.773766792612601506e+00,3.743328309857027136e+00,4.246463770935969606e+00,4.688238413923405901e+00,4.717598682394601006e+00,4.712374305859514223e+00,4.407225159886025700e+00,4.007597356670828503e+00,5.031938688154500738e+00,5.966220770016600561e+00,5.639380534886603513e+00,5.440506805081057884e+00,6.552860423074480245e+00,7.604074964338066067e+00,8.150000042213367379e+00,7.199136010389531215e+00,6.860233692205410350e+00,7.670768468873110812e+00,8.367542560917538452e+00,8.094713449965702523e+00,7.968753631014429573e+00,6.602979678714448575e+00,6.364897636588547236e+00,4.744973474918180223e+00,4.757343462669080481e+00,5.817596130071160943e+00,6.169358382104390692e+00,6.348605194002427510e+00,5.493018800909749366e+00,3.092012876304528035e+00,-4.822374848911932799e-01,-1.997754235093360253e-01,5.628114465234353991e-01,2.213308185839537146e+00,2.769824284921507118e+00,3.199465448840246307e+00,2.935051482389470667e+00,2.585229902607924846e+00,3.207653175164964843e+00,3.819204777152902519e+00,5.144202527221582777e+00,5.306424785056728766e+00,4.194637076324825742e+00,4.229030094355055169e+00,4.776464807229458209e+00,5.465504340002523165e+00,5.911205710168980332e+00,5.153831509516548337e+00,5.759336169749468048e+00,5.798890065085615220e+00,6.125636850886963636e+00,7.369794817138230592e+00,9.410180814356950307e+00,9.253631269147723160e+00,1.080894698681335697e+01,1.000101914033145967e+01,9.019580739647720335e+00,7.931964213274081743e+00,8.005245068754733850e+00,6.796878555852917003e+00,6.988097019244126962e+00,7.537574847569742609e+00,6.726584007534661680e+00,6.424478822977173209e+00,4.735984562578345880e+00,4.621711058856650567e+00,4.134930596699081029e+00,2.561229637547229210e+00,1.239720904820015290e+00,5.167777007448266513e-01,3.018148025932277378e-01,1.166857213634889812e+00,1.503226111811807542e+00,3.086809097480852415e+00,3.128336346412284641e+00,3.342656033222561884e+00,4.348384986133047470e+00,4.438736566918382032e+00,5.263297402328166896e+00,5.999348614964164383e+00,7.156188941288329275e+00,7.273328898609258353e+00,7.560908610633657823e+00,8.291928806550435738e+00,9.625677109083930816e+00,9.075417560035859310e+00,8.324852604913626664e+00,8.490725399404063012e+00,9.069767510322476411e+00,9.485740329887569544e+00,8.788548315655804188e+00,9.097296616297068539e+00,9.548903524146313160e+00,9.689735872624421376e+00,1.090606150051828038e+01,1.085821279807612250e+01,1.050779386460189890e+01,8.661214806952996170e+00,8.852113428853478183e+00,8.144434345024059496e+00,8.869727998740660979e+00,8.856471531800020003e+00,8.840798522768194445e+00,8.276969879949342968e+00,8.419521645744538318e+00,8.191582362121023309e+00,8.499687506128696057e+00,9.472334767441294545e+00,8.814490327902811728e+00,1.013091912969705000e+01,9.975810581763846940e+00,8.497649114110947366e+00,8.412441199678720949e+00,7.865002617035058208e+00,8.195524126202681003e+00,8.328364477796688092e+00,1.003888667458143047e+01,9.685060061794239061e+00,8.328921466640462512e+00,7.555578800987872157e+00,5.756391672539882265e+00,6.256361224399257459e+00,6.296140023850202994e+00,8.586842488610544777e+00,9.179598386944581634e+00,1.016169588764808296e+01,9.901032243994857041e+00,9.628180797510442090e+00,1.016112067147373033e+01,1.163143181865614295e+01,1.253675359557454527e+01,1.297050222197829505e+01,1.318043178182549013e+01,1.326106236009803219e+01,1.272026558194063206e+01,1.136285553058888986e+01,1.139838241108140693e+01,1.161340230040473642e+01,1.023108572125446791e+01,1.070828262940913689e+01,1.089547897530551168e+01,1.028791130178280078e+01,9.321639370354922960e+00,8.321254795353386413e+00,8.789030540394410451e+00,8.583466480587091496e+00,8.871593951672760880e+00,8.014546020672943527e+00,6.871727563674873807e+00,4.763939891048417863e+00,3.115968007095178738e+00,1.175331567027396718e+00,1.325300076814666772e+00,8.679621574724409871e-01,6.481081440692388895e-01,2.192777794882578402e+00,2.177520209633908799e+00,2.077721853708002886e+00,7.142598590248026846e-02,5.298554172612578439e-01,7.154890319596893811e-01,-3.560496020975810194e-01,-1.139212059950614142e+00,-1.098306658454677232e+00,-5.615918540914741630e-01,-1.004129475382373515e+00,-6.827847806484641513e-01,-2.226455219230607074e+00,-2.197890427927391421e+00,-3.094522465140646883e+00,-3.461889270363446514e+00,-3.326480048509287357e+00,-5.298388132071888634e+00,-7.924444062612183259e+00,-7.453984094395971205e+00,-5.215939252215858524e+00,-4.618789158050489618e+00,-5.631741837868245781e+00,-4.993211686820703044e+00,-4.849700533935112468e+00,-4.376703830280789020e+00,-3.565038189320981932e+00,-3.472405737644299606e+00,-2.495539962172464321e+00,-3.460380204511959157e+00,-2.887759108171850997e+00,-3.768720162065422929e+00,-4.146326127961919461e+00,-3.236677285989156161e+00,-2.609493629829609862e+00,-4.510047689408149374e+00,-6.381234263949346008e+00,-7.187957890605291666e+00,-7.392148652007088039e+00,-6.008237134074353669e+00
6.501023727669651642e+00,6.745148646054440533e+00,7.766250615444620031e+00,7.411336581818956937e+00,7.249704476322008873e+00,7.352611278601568046e+00,5.404606905421384333e+00,4.738932981350231444e+00,4.878959011457084216e+00,4.615244459099391960e+00,4.500086488110811800e+00,5.537693072198100808e+00,5.467439740795862591e+00,6.042927543294587700e+00,7.469508306048663115e+00,1.001315772700245077e+01,1.041552990084093189e+01,9.209913900629178585e+00,7.910854198188866704e+00,7.340136790989827631e+00,5.789703301578045469e+00,5.842860411577933455e+00,6.788243161275437920e+00,7.833978412841751116e+00,8.676427650712627226e+00,7.700319645592931472e+00,8.851271864335368278e+00,1.094422678246499281e+01,1.238913366150783979e+01,1.305467451107118393e+01,1.404005820760530376e+01,1.548443988455430187e+01,1.615974546534483380e+01,1.642219984229460650e+01,1.750672383966915646e+01,1.812641365337056598e+01,1.800903825552131110e+01,1.786505601917104258e+01,1.852987124529640894e+01,1.817949229699696900e+01,1.868944823893959040e+01,1.780328327534878596e+01,1.585388794379370125e+01,1.463139628250812940e+01,1.426840890740928813e+01,1.219744311546311977e+01,7.774031803222097636e+00,6.570360967569119914e+00,8.165595880674072049e+00,9.326415041687795338e+00,8.687841379877436765e+00,8.381126190421165134e+00,4.997721927614872328e+00,3.649151531200555798e+00,4.754233542442464433e+00,6.913567274613420466e+00,9.152595560515317530e+00,1.137035480257109832e+01,1.270420556292324576e+01,1.521238375890797023e+01,1.592636270067598403e+01,1.658362596503393505e+01,1.643365059834502517e+01,1.443527894513837495e+01,1.405363236575730213e+01,1.269490386552148564e+01,1.275665801511129160e+01,1.242237623603167762e+01,1.239128533966851364e+01,1.243175884651265761e+01,1.272974090530330749e+01,1.321259897810500483e+01,1.351632153169438944e+01,1.380041975307302948e+01,1.447541346983108923e+01,1.484575017958663068e+01,1.477770697596004545e+01,1.488636063034053159e+01,1.522434303264565436e+01,1.529128901228616577e+01,1.539342693512169014e+01,1.635607465578792130e+01,1.742415879706705795e+01,1.743338197290745839e+01,1.748546260513622030e+01,1.810547289757862188e+01,1.774027957118092758e+01,1.790170735976498406e+01,1.728147949699458508e+01,1.761056785972278860e+01,1.811540279306580814e+01,1.734891814853822467e+01,1.744097518194564600e+01,1.684608287422498663e+01,1.611736177948328574e+01,1.553632151783301651e+01,1.502734505394962206e+01,1.364967578013842164e+01,1.294046761140300461e+01,1.325677181336786958e+01,1.354882318211787506e+01,1.287931686548680688e+01,1.349628416780428886e+01,1.482494697781357651e+01,1.528295793643839140e+01,1.524156842655326827e+01,1.567962309926213038e+01,1.527972871464840310e+01,1.562316954299078020e+01,1.475293567504081516e+01,1.306356036844722901e+01,1.187370859845443505e+01,1.154856561647800461e+01,1.123006561451202323e+01,1.077901734292162494e+01,1.084796892860352457e+01,1.091362514362731240e+01,1.251702154022840041e+01,1.248247775877908694e+01,1.248365010941313535e+01,1.167446915093085735e+01,1.305534190291568208e+01,1.544669762047659312e+01,1.638544012627544433e+01,1.716406054990408592e+01,1.754824149631802044e+01,1.835895292326589257e+01,1.812807723652419511e+01,1.902934481578562753e+01,1.879708799151282506e+01,1.785843080527446602e+01,1.702961997834543695e+01,1.717695232189457499e+01,1.788694176498423971e+01,1.824736273908204254e+01,1.740977100195209815e+01,1.740459313220415538e+01,1.855323605706499634e+01,1.771375907436368990e+01,1.594720750527209674e+01,1.565710729291506453e+01,1.477644891084999479e+01,1.448638298534883972e+01,1.555671200452805536e+01,1.748667003333122594e+01,2.027934535111848646e+01,2.076696042256232033e+01,2.005101709099601237e+01,1.875562982564192538e+01,1.757113775403314548e+01,1.693598180716722368e+01,1.666011200356501121e+01,1.508312548424087396e+01,1.490954360285523350e+01,1.353418768828262486e+01,1.339994092790168700e+01,1.173256900354694565e+01,1.195229062139025267e+01,1.246605334322718228e+01,1.291969273040470512e+01,1.106349463347152629e+01,9.337665997476923607e+00,1.044337286984552904e+01,1.218424868577827169e+01,1.179676462687997507e+01,1.207444410833319459e+01,1.172982643964222405e+01,1.223942524666376919e+01,1.145490883420856676e+01,1.130366119064944996e+01,1.207111119928468845e+01,1.239394234180803167e+01,1.191624450645878674e+01,1.177379794024863102e+01,1.097680900599161014e+01,1.092359108666808964e+01,1.093483625770303114e+01,1.237930278812696194e+01,1.426795878828308872e+01,1.484412407560457581e+01,1.474327995580161144e+01,1.533987619650563161e+01,1.481228713703631961e+01,1.456253882849295245e+01,1.397276609856728058e+01,1.373617920604094422e+01,1.287040991878572527e+01,1.259263955680400393e+01,1.200857107597958517e+01,1.020905751844734866e+01,7.752200018864348507e+00,7.240673932458088657e+00,6.896249791477289115e+00,6.484073347033206147e+00,6.528853165052754370e+00,6.892582463361513589e+00,6.419609880268813740e+00,4.348062520977137524e+00,3.760979399026932679e+00,5.897863795434620471e+00,8.650129044399756495e+00,8.856302515580406265e+00,9.664332742907868479e+00,1.143910419893973796e+01,1.267925734328106735e+01,1.509160384368132846e+01,1.377781403244380876e+01,1.340848171494813634e+01,1.348966961721626490e+01,1.348590264370358405e+01,1.402223280698566299e+01,1.308650972307225402e+01,1.540697939059806743e+01,1.701960125560844617e+01,1.680578693302483373e+01,1.784212112349032964e+01,1.963284988117678864e+01,2.117819218951514415e+01,2.085130992060975430e+01,2.127094798275114940e+01,2.212031226304279841e+01,2.103430850840958399e+01,2.045637324778776645e+01,1.946130232130066062e+01,1.919431036874632568e+01,1.910683270645621334e+01,1.976131173046902845e+01,2.103374145126872463e+01,2.008225268884619652e+01,2.061678868288284505e+01,2.052905996727664473e+01,1.999220270089019991e+01,1.965928242814171156e+01,1.837339791188546911e+01,1.840000153481389944e+01,1.821773925845643660e+01,2.053093508741889650e+01,2.135606212086332434e+01,2.072466235668140655e+01,2.035751591946377559e+01,1.998178282837794839e+01,2.068144280181684280e+01,2.050423484544608144e+01,2.029780442633968462e+01,1.826380403045277845e+01,1.593820230978330343e+01,1.591366459035161718e+01,1.431755060726358408e+01,1.377700731374602050e+01,1.205114036328102856e+01,1.195360632620665164e+01,1.205642061736180892e+01,1.195633527451583511e+01,1.260844431721795367e+01,1.544872496823652774e+01,1.412746073366982991e+01,1.314380762074227604e+01,1.304027626630627701e+01,1.357717175217581662e+01,1.332349349487886592e+01,1.304455359075339693e+01,1.213647249625395119e+01,1.346754087969178570e+01,1.333621897829683434e+01,1.311681095197118196e+01,1.307092310825844983e+01,1.303434255858176272e+01,1.253113610853879756e+01,1.279877662136163252e+01,1.224846063931182272e+01,1.407257204117863481e+01,1.765811439688500073e+01,1.829181822863593965e+01,1.812213487928231004e+01,1.812600116729690569e+01,1.847636493724649043e+01,1.877599839930559611e+01,1.908659033939873950e+01,1.944694827754677746e+01,1.911422191843276863e+01,1.840554859138921273e+01,1.742348025155633451e+01,1.656057541985814652e+01,1.685858724256889474e+01,1.681484144623338040e+01,1.464722983726859518e+01,1.406392267548615216e+01,1.296876254736778122e+01,1.017415974207072971e+01,1.059868292505551679e+01,1.067910715992031179e+01,1.121900269492624957e+01,1.021305826763539137e+01,9.797977767470726462e+00,9.420293320016252636e+00,9.728467483389884762e+00,1.160067174878045648e+01,1.404854992322425744e+01,1.514723403533375290e+01,1.512459832798761106e+01,1.467416207349628543e+01
3.731027484842670106e+00,3.206559224527216312e+00,2.279987001119421208e+00,2.084266592342896907e+00,1.578780633584980331e+00,1.821795858045151428e+00,2.128981911419383977e+00,1.541880840481769654e+00,6.882403469676385832e-01,1.157336767846160797e+00,2.095100145354800159e+00,1.906323111243030333e+00,2.535685787491957832e+00,2.852041838335351187e+00,3.018858838399264499e+00,2.022383278622072122e+00,4.327811692966655244e+00,4.152616478264348210e+00,4.526500644433443021e+00,5.858690760111066709e+00,5.904097097303250941e+00,6.946920438313316737e+00,7.916800167256478282e+00,5.738696978328075460e+00,8.677901216412832852e+00,1.064042810272981754e+01,1.100558488952274594e+01,1.249386133264992971e+01,1.331630883044758384e+01,1.136989368539822820e+01,9.778180141887629517e+00,9.580864222359506854e+00,9.280136907278587088e+00,9.946322753131720873e+00,1.018983930917446123e+01,1.034593445590899741e+01,9.617725969979851186e+00,9.248377597485031743e+00,7.856916090391093732e+00,7.898922615483838783e+00,7.070959356182767941e+00,7.767152265531826139e+00,8.889619599501289215e+00,1.191255309427978304e+01,1.158531429026566784e+01,1.148651340503116280e+01,1.084744812355046939e+01,1.064483767554784066e+01,9.686761194030397704e+00,1.050788991312686171e+01,1.175710573023083150e+01,1.122269816926836405e+01,8.513285125493109007e+00,7.085062340371824696e+00,6.719645133519950519e+00,5.088221287080298971e+00,5.412041272789910096e+00,5.290168610871734067e+00,6.922295269867333012e+00,6.952240459477195600e+00,5.529581224874122292e+00,5.724627708667921588e+00,5.962529088504714636e+00,6.790048210959813701e+00,6.196330869690926946e+00,6.363116217654067874e+00,5.685275239920078327e+00,6.154309877179828803e+00,6.280613251828891741e+00,8.164969186470781182e+00,7.280848880194893624e+00,6.500667669171775742e+00,6.373719770675314145e+00,6.063785889941878615e+00,6.065251530424630388e+00,6.072812865843574492e+00,5.084671119630306713e+00,4.386380737661390583e+00,4.475150466278219774e+00,4.707500350940171607e+00,5.189377425417898593e+00,5.396998121466348941e+00,4.037795971190980104e+00,-7.951671620029213128e-02,-1.379422049979150078e+00,-3.681848212272741172e+00,-7.197331819890735893e+00,-8.960785087845914987e+00,-8.367174407863833707e+00,-9.294431792073686083e+00,-9.261926832733712089e+00,-8.953278795210076524e+00,-8.583970323133915059e+00,-8.129472467202299768e+00,-9.054853508511030213e+00,-8.170269595845795152e+00,-5.144734234207716028e+00,-4.497156716932353859e+00,-4.102486651451870081e+00,-2.958996706476386684e+00,-3.111512401429818553e+00,-3.286692412130711727e+00,-3.360459979360785443e+00,-5.014880339137530285e+00,-5.854340006636609139e+00,-5.581293927471561389e+00,-7.235349776717753478e+00,-8.050172829337496339e+00,-7.372795116703652063e+00,-7.833762799064504456e+00,-7.124699600135192767e+00,-5.817636991250570766e+00,-4.947155999710173724e+00,-3.444078318751817136e+00,-2.858340303234242263e+00,-3.449521149958948651e+00,-2.539770643363427727e+00,-3.537549681757757192e+00,-1.819685168385201779e+00,-1.272312285988844494e+00,-1.083761320574013087e+00,-1.427647195206411146e+00,-7.662031273579261725e-01,-9.254567628514920319e-01,-1.502697982075684502e+00,-2.422391613173741742e+00,-2.701553762545870985e+00,-1.455906770511755433e+00,-4.935787937232494760e-01,-6.400394145528093270e-01,-9.142907870224274980e-01,-1.323562859108885936e+00,-1.885695957867165262e+00,-2.792035460954153780e+00,-6.663735344262342153e+00,-8.847538028069353189e+00,-1.106544922355496929e+01,-1.259051860679041646e+01,-1.558738117396929290e+01,-1.446807598708743647e+01,-1.463663639931046667e+01,-1.471202192026612465e+01,-1.517471720448531336e+01,-1.484200806758214775e+01,-1.627370573149001842e+01,-1.867279027172371286e+01,-1.852961389011143112e+01,-1.775665319772450346e+01,-1.616905474965882661e+01,-1.610485252353814190e+01,-1.517673618592169582e+01,-1.288463146348819599e+01,-1.392923409615478647e+01,-1.500461277795096038e+01,-1.600581541782835160e+01,-1.520299560923894155e+01,-1.553947638170286716e+01,-1.561359823389307167e+01,-1.469785962875840646e+01,-1.389521905427336712e+01,-1.361692783855981226e+01,-1.402318216428331610e+01,-1.388765725951760288e+01,-1.271447648945898301e+01,-1.190078954413234058e+01,-1.173233644481326721e+01,-1.090248319009220701e+01,-1.091326112879915478e+01,-1.084731728884164781e+01,-1.093863806898330537e+01,-1.112853406934334011e+01,-1.070768938090495759e+01,-1.116882656688110664e+01,-1.105606789348242813e+01,-1.121636762692022771e+01,-1.050351063419342168e+01,-1.068601102089409416e+01,-1.004627526240716406e+01,-9.796002127987755159e+00,-8.534470622126615780e+00,-8.330826097914897588e+00,-8.937884163060154208e+00,-9.492394314049859005e+00,-9.584282313269229192e+00,-1.016292040788045625e+01,-1.062480326940813136e+01,-9.971531051913339994e+00,-8.990780772893144146e+00,-9.073321891164917830e+00,-9.086770200770800443e+00,-8.333675264018365780e+00,-8.825326813595248510e+00,-9.230916517852522318e+00,-9.218669694162933581e+00,-9.838048517392582681e+00,-9.481560620640410164e+00,-8.387073623774812248e+00,-7.545088295711287252e+00,-6.657288697249538423e+00,-6.432708290219136593e+00,-8.362624205464028293e+00,-9.283673059074107670e+00,-1.161963137924163902e+01,-1.234913939570068919e+01,-1.212491323834005641e+01,-1.124546225537878819e+01,-1.243225317094015203e+01,-1.283739759619123255e+01,-1.231747281514254588e+01,-1.283352889843779288e+01,-1.147016706813019660e+01,-1.206474051158929228e+01,-1.134760343934677884e+01,-1.151113367627199580e+01,-1.213192189760157014e+01,-1.197089935412339656e+01,-1.195072333446256962e+01,-1.308888087014399026e+01,-1.326898069744734876e+01,-1.353237414756237378e+01,-1.267406471064306572e+01,-1.054397072855254436e+01,-1.339405165966031497e+01,-1.268986442541588389e+01,-1.370612740140809827e+01,-1.380376491461125354e+01,-1.295141066550471365e+01,-1.251321221491707192e+01,-1.202892118554698087e+01,-1.203877239868482718e+01,-1.187028497162690854e+01,-1.239383185234135532e+01,-1.125218714396433306e+01,-1.314195120125371119e+01,-1.528870629247378510e+01,-1.751216175414337783e+01,-1.785751233328953447e+01,-1.786618645843325837e+01,-1.768463367392075725e+01,-1.707765283113181454e+01,-1.744126390460248288e+01,-1.724500399032037024e+01,-1.650212336584044692e+01,-1.655093704154903023e+01,-1.728218494447135001e+01,-1.966358187741129981e+01,-2.131469425951313923e+01,-2.213268317648088157e+01,-2.277358866341964116e+01,-2.544664824875957265e+01,-2.293097598171979712e+01,-2.272727367424340983e+01,-2.467946196714363793e+01,-2.743221888043205681e+01,-3.033991630432001330e+01,-3.322805099735938228e+01,-3.493703500533644757e+01,-3.619590076258510436e+01,-3.545181788236759957e+01,-3.554299221725180047e+01,-3.427572511682760137e+01,-3.355458633124309387e+01,-3.373059215837521663e+01,-3.398024814341306410e+01,-3.345371111382802098e+01,-3.286056048476746128e+01,-3.276306373527467031e+01,-3.207683928820267738e+01,-3.249103352826231372e+01,-3.173827662356535839e+01,-3.047190197936618716e+01,-2.860935246736696058e+01,-2.483833686243602301e+01,-2.212619131122363214e+01,-2.268509925483519396e+01,-2.501993837412677024e+01,-2.481177720700500799e+01,-2.479984632193182037e+01,-2.404113313524431206e+01,-2.635090725065990114e+01,-3.554341937965143927e+01,-3.966670404654551163e+01,-4.307508573663257323e+01,-4.346232873601084634e+01,-4.317836107624388120e+01,-4.172067490380828048e+01,-4.017428346231679370e+01,-3.927468462553608219e+01,-4.057637607373713706e+01,-4.162075090473265959e+01,-3.952217256091934416e+01,-3.839222291946255439e+01,-3.628198671357501581e+01,-3.535099511695447916e+01,-3.237801448274688454e+01,-3.183687938116499794e+01,-2.978218749548814515e+01,-3.073755240165287361e+01,-3.301352276949177167e+01,-3.680924305290633924e+01,-3.586729267754605388e+01
7.216759581224034825e-01,-1.390565777500076816e-01,6.535013447879141069e-01,1.529022505673141907e+00,2.044461596580708473e+00,2.267784263881978735e+00,3.062318488751921031e+00,4.194812716367541938e+00,4.527937241941344837e+00,5.648415141226545977e+00,6.178655855337308545e+00,4.301654439445647071e+00,2.949262443843571724e+00,3.141876220157102662e-01,6.566278879305232907e-01,6.690531454301700265e-01,-2.198798295484706844e-01,-9.412946556930948949e-01,-9.334873198410660322e-01,-1.309280231307130560e+00,-1.962961745671000013e+00,-2.611719456458725830e+00,-1.888824758213800914e+00,-1.601906679845081172e+00,-2.213165927059533189e+00,-2.207582060489643894e+00,-2.317902750812968815e+00,-9.945593054042616288e-01,-6.795065402822828560e-01,-2.269759253007553212e+00,-2.867987118085629561e+00,-1.609307557678029355e+00,-1.295753907117888959e+00,-2.340312027277218210e+00,-2.708759915479074465e+00,-4.512517290825979188e+00,-4.856451669979769292e+00,-4.449093760605970616e+00,-4.714398831614280638e+00,-4.366435933292494909e+00,-4.773379290402481878e+00,-5.300971672535258250e+00,-6.074127935142018764e+00,-5.240437844564190151e+00,-5.865330516185600196e+00,-5.707080865504313927e+00,-7.159510935046697888e+00,-6.664796948458351800e+00,-6.597754596581082431e+00,-8.104014831345072167e+00,-8.390795108452783424e+00,-8.301704255883986860e+00,-7.695920814175148728e+00,-6.620063243144048037e+00,-8.162183065134808402e+00,-7.361921472178177162e+00,-6.647055414416827013e+00,-6.735278288460076368e+00,-6.593953427036355563e+00,-7.028731248487889438e+00,-8.327065859371980849e+00,-8.210892277407175754e+00,-6.965225572734526693e+00,-7.532995527477990727e+00,-8.066023185691609143e+00,-7.791576192137275036e+00,-7.683300383405329725e+00,-6.392794520739189856e+00,-6.208883737528030800e+00,-6.425772489551690114e+00,-6.856121136998983623e+00,-7.343070283506993867e+00,-8.143881657714418409e+00,-8.835251018749612939e+00,-8.124332111860683270e+00,-7.642808772958857411e+00,-7.589238752507482921e+00,-7.272697925496421689e+00,-8.935045705232253610e+00,-8.512026404027317028e+00,-8.330440713250123252e+00,-9.196720203479197053e+00,-8.529594263763828010e+00,-8.075836322246155774e+00,-1.072459878911530495e+01,-1.125694448098054323e+01,-1.110220920094131891e+01,-1.087452538680487635e+01,-1.056899891872169839e+01,-1.190157899908013484e+01,-1.165524990117776305e+01,-1.008573447116926580e+01,-9.714409721531854558e+00,-9.070112330016250723e+00,-1.166196458528244406e+01,-1.119788280983560114e+01,-1.130437749724647922e+01,-9.435245733293900372e+00,-8.037982554541446945e+00,-7.575217018564171845e+00,-7.091210029106140844e+00,-7.118713982761415870e+00,-7.444472646421856687e+00,-7.543928706809447604e+00,-7.625883275822189056e+00,-7.749550324263197787e+00,-7.661019820313580198e+00,-8.001574026124943728e+00,-7.707337279508878147e+00,-9.597400790309061236e+00,-1.095347551359753346e+01,-1.093312114275694569e+01,-1.026929446587076278e+01,-1.043754126279601913e+01,-1.130527495158053419e+01,-1.289363300081237362e+01,-1.559013773086649834e+01,-1.443229815365017465e+01,-1.256036359994879170e+01,-1.056269006108371400e+01,-8.922276967018140326e+00,-7.023844330679318126e+00,-6.865555171921833733e+00,-8.800611022638616276e+00,-8.372101393967078309e+00,-8.487221681594254719e+00,-9.184504003098654223e+00,-1.079711084282846834e+01,-1.125654652932067279e+01,-9.825819687010728387e+00,-1.130163628866027281e+01,-1.052201859345107415e+01,-1.027173438299809582e+01,-9.128799979551409649e+00,-6.840773564329015954e+00,-2.484761610991038427e+00,-1.866915762538963630e+00,-1.107191963406415569e+00,-1.125690688383604865e+00,4.563660216299751382e-01,4.416509096919425392e-01,-1.257768869588310023e+00,-2.318198410462629422e+00,-3.120673930981500366e+00,-4.792415544110935954e+00,-6.018840631228038696e+00,-7.682002526049865665e+00,-9.441321289072460488e+00,-1.120100301974141388e+01,-1.382040606023668872e+01,-1.767984516873572787e+01,-1.841701304655251192e+01,-1.775606472024942661e+01,-1.799643581990020991e+01,-1.795740280969765124e+01,-1.810364467419472945e+01,-1.893594051893619579e+01,-1.807205517982134069e+01,-1.736239612688498823e+01,-1.658667560792062190e+01,-1.439713477667049624e+01,-1.396178806142554762e+01,-1.477463350552484656e+01,-1.479693308847181932e+01,-1.606301840035032313e+01,-1.511700792592565357e+01,-1.428950227695215247e+01,-1.262216517478282007e+01,-1.337148332639099202e+01,-1.286391894325617891e+01,-1.265551653437331403e+01,-1.190564920114692171e+01,-1.265750305022146271e+01,-1.379126264920179956e+01,-1.311769283689120691e+01,-1.164975860882064751e+01,-1.109066718149032482e+01,-1.039302440415556639e+01,-9.291739416455367717e+00,-8.742818259982971796e+00,-8.161140225608376042e+00,-8.408927535439621792e+00,-7.115151010991364267e+00,-6.913735382236563254e+00,-5.689228812702416427e+00,-5.319135193326903099e+00,-5.490959404865261462e+00,-6.203286836849123631e+00,-8.156069733414298639e+00,-7.216853565162187678e+00,-7.735388095186958246e+00,-7.677127146866636664e+00,-7.938886536463030552e+00,-7.456017032351181406e+00,-6.963810338789178545e+00,-7.672316163763474250e+00,-8.281183238995501128e+00,-9.456783970033143305e+00,-9.665017710008184437e+00,-8.743948295982885810e+00,-7.948542629103950929e+00,-7.425231208732737009e+00,-6.020721803797540517e+00,-6.033563114467602517e+00,-5.487419264267252572e+00,-5.230379498452206732e+00,-5.864974123220880742e+00,-5.820604439471462221e+00,-4.474451347960807013e+00,-4.793822452609233231e+00,-4.453397949762047503e+00,-3.186046640267942376e+00,-3.117700718293585638e+00,-4.775836380961364647e+00,-5.425322982712640574e+00,-4.769407437878800948e+00,-3.564549952046289327e+00,-3.563261794342156730e+00,-3.791499391750222436e+00,-4.168897990960262590e+00,-4.452470236425980055e+00,-5.773747653316497086e+00,-4.290783234381211564e+00,-2.211556768204391954e+00,-1.380106381823085648e+00,7.717779508728050963e-01,1.530070924332046500e+00,8.701624829415693929e-01,4.624900634701943278e-03,-1.554805087627212812e+00,-6.083112682367950441e-01,3.799997816952381535e-02,6.060324972139659039e-01,9.092198196312062386e-01,-4.350359445918505208e-01,-1.348299871085003598e+00,-1.756485000468228863e+00,-3.442203660489971728e+00,-3.243181898474878366e+00,-3.125337914519204841e+00,-2.735926706790499985e+00,-1.748124324838261856e+00,-8.937763654551077463e-01,-1.636862051271197993e+00,-3.505498310513473492e-01,1.152524817558471915e+00,2.196699568009655490e+00,3.526241273540557053e+00,3.689260631954705438e+00,3.976460961590203347e+00,4.077998720882910710e+00,2.888166698735559645e+00,2.037992891422439001e+00,1.913512426333402017e+00,1.643020783609085544e+00,2.255159557438857210e+00,1.149823979254323669e+00,1.091237262443504497e+00,1.393482415702036237e+00,1.714307467207831115e+00,2.956150818762288246e+00,4.321929603463524394e+00,4.137738944472286740e+00,4.666917501085451114e+00,5.036923752223755102e+00,3.350637217812540758e+00,3.092967769550998280e+00,4.924889467709820501e+00,6.228285083504416342e+00,7.763428111624747885e+00,9.286774873466805857e+00,8.762173612335661943e+00,8.407628084968280291e+00,9.456434554216038180e+00,9.656338795611342007e+00,8.963997798519411475e+00,6.465362449141458079e+00,5.441594926636782681e+00,4.260398765780101904e+00,4.011763782531102329e+00,4.391777249614488454e+00,5.406443273018100903e+00,7.922219836979685681e+00,9.549986079272061446e+00,1.016512031046298326e+01,1.138337449812330071e+01,1.265786176504697735e+01,1.364589310358707941e+01,1.748709755190668602e+01,1.799603968055997782e+01,1.823811102573331411e+01,2.045622422343356206e+01,2.033766662508605449e+01,1.962321625708919370e+01,1.954214110426357820e+01,1.803779613074305388e+01,1.718588395804123792e+01,1.734794367595591780e+01,1.595813788522472265e+01,1.458784960953534515e+01,1.475545706170616711e+01
-7.822008845826778911e-01,-1.431330613137663965e+00,-2.240065685524639694e+00,-2.583518229967146862e+00,-3.252276587572862088e+00,-3.485676967565903173e+00,-3.606743852136013118e+00,-4.317669953845800102e+00,-5.508204691213118842e+00,-4.591264553711364549e+00,-4.314615979937721058e+00,-4.418303629576433522e+00,-5.667022343620140568e+00,-6.500106940947291356e+00,-6.090987029273900788e+00,-5.802785694468727051e+00,-6.097574833399034944e+00,-6.205862429711420880e+00,-6.596083152153051188e+00,-6.039191314651221276e+00,-5.029848977955567513e+00,-3.939421336997436907e+00,-3.068564765669959282e+00,-2.170555502435929984e+00,-2.502265535698175558e+00,-2.186077056322383250e+00,-1.599445249008321301e+00,-2.983498684841174420e+00,-4.323744308711232165e+00,-5.966124046164812178e+00,-4.747270553634776569e+00,-3.037350430914965926e+00,-2.651187272109004400e+00,-1.762560864596662391e+00,-8.914229239492893475e-01,-1.672633321013359708e+00,-1.992836777139962656e+00,-2.240617054621800719e-01,5.034057486668055414e-01,2.402243023596778659e+00,2.663454934616361403e+00,2.846664113257691753e+00,2.832994923720050018e+00,2.869035983933729383e+00,3.012877900248563279e+00,3.443396407385403091e+00,3.799603905632600309e+00,3.726963281494972247e+00,3.674841222362790205e+00,4.448619553761395728e+00,4.349913553791605381e+00,3.664676519997054793e+00,4.250593813177990121e+00,3.297318319848841828e+00,3.615780019817897095e+00,2.794806754709044938e+00,3.329271877295422399e+00,3.851934494619822846e+00,5.519931400969682933e+00,6.424142902584298653e+00,5.927693473897266863e+00,3.100475624377294626e+00,2.217518921176533819e+00,1.936692969144213627e+00,4.141293441458141267e+00,5.551723481115864445e+00,4.317515192898488507e+00,2.631562140884185386e+00,2.603277701429542290e+00,1.300651489773168024e+00,-9.762732335723655064e-01,-4.244203098439816912e+00,-7.691036480679979803e+00,-8.446040573286303754e+00,-1.048607859599850833e+01,-1.177899454274013280e+01,-9.862228221876158329e+00,-9.304282624993341244e+00,-1.058286375918078903e+01,-1.264383561795936473e+01,-1.154595303202076906e+01,-1.295626874810946028e+01,-1.471193847684791400e+01,-1.562929982116962080e+01,-1.582290181124938222e+01,-1.728435767730239547e+01,-2.075057489621449847e+01,-2.331244507113589748e+01,-2.720403183512850376e+01,-2.649375507530098162e+01,-2.607258270924880250e+01,-2.344190005359807927e+01,-2.386585311872932280e+01,-2.472007668299031025e+01,-2.283711991824902299e+01,-2.266198272854288831e+01,-2.253193205358378393e+01,-2.248917978645590665e+01,-2.510796322608613806e+01,-2.777352206192708550e+01,-3.034624136278536355e+01,-3.184572299131052375e+01,-3.616165981051619838e+01,-3.713379723745016747e+01,-3.812145843988695049e+01,-3.793527648108783978e+01,-3.552527842059714658e+01,-3.523175995471726196e+01,-3.431714151479930308e+01,-3.118907071080039017e+01,-2.955104255547070480e+01,-3.037074907870692542e+01,-2.991860781451913098e+01,-2.861846485939056706e+01,-2.806384115409095514e+01,-2.849744260107985383e+01,-2.904718885516006210e+01,-2.849292051846070706e+01,-2.841641492561607407e+01,-2.839102296766540690e+01,-2.708766582619807650e+01,-2.561426540523231665e+01,-2.324080547822676479e+01,-2.260198041758047083e+01,-2.169877992500265762e+01,-2.190425731173133528e+01,-2.087978299240041125e+01,-1.833258952814616904e+01,-1.805960218926454885e+01,-2.076154666150380379e+01,-2.043001404795679932e+01,-2.316295180742993054e+01,-2.519691863303040336e+01,-2.657662148131620583e+01,-2.834356498239453970e+01,-2.958278066140411156e+01,-3.052111452791272228e+01,-3.110709118168868415e+01,-3.335597323419395366e+01,-3.262720292534478972e+01,-3.012507500011977513e+01,-2.865172200415693382e+01,-2.707569173675900487e+01,-2.667984878559671813e+01,-2.523564033654221106e+01,-2.452825280625284776e+01,-2.458108411070666222e+01,-2.416779866802027144e+01,-2.361870290072219802e+01,-2.261012096002845340e+01,-2.230109732193921346e+01,-1.958374107159991695e+01,-1.629147547529307971e+01,-1.501853881601703833e+01,-1.412928796109918572e+01,-1.381204192747573778e+01,-1.219245985884229633e+01,-1.154835449562762228e+01,-1.376588175303888306e+01,-1.721865488390227839e+01,-1.903205601558206084e+01,-1.985684342608339747e+01,-2.069434323557719679e+01,-1.837061046348085114e+01,-1.766311215669276891e+01,-1.645662713853078429e+01,-1.522935421792780453e+01,-1.436225413736507051e+01,-1.170283693421663607e+01,-1.011779548858100419e+01,-9.863613893657545262e+00,-8.623068944554262316e+00,-8.595095498333087392e+00,-8.820225806875727770e+00,-8.257860668399814585e+00,-6.018646959793189311e+00,-3.432764438991150246e+00,-2.772610926131500619e+00,-1.215038825137586542e+00,1.874690553949031724e+00,4.206241577691933742e+00,5.508460712439355866e+00,5.803507329705095863e+00,6.317291288464939036e+00,6.439268603032807903e+00,5.445373379219728527e+00,5.764365959040218534e+00,6.055745513585315543e+00,4.042300654760222045e+00,3.356787877686105759e+00,2.800813638390009519e+00,3.657141214308258448e+00,4.778847351286369616e+00,5.944729121833510099e+00,7.452930940840273522e+00,9.580996254860275840e+00,1.048262349002723681e+01,1.168040786924946595e+01,1.499640429879692682e+01,1.515813814276170746e+01,1.495896347544166183e+01,1.663153892359866148e+01,1.907767514230053152e+01,2.046223637126617589e+01,2.049270018742552679e+01,2.299744358399224353e+01,2.476390386662920307e+01,2.590254854256590988e+01,2.697263848732972491e+01,2.610458056682094252e+01,2.319815259371006988e+01,2.129305349760340604e+01,2.028436251696644987e+01,1.977451566453598986e+01,1.891219433135666961e+01,1.901545428369168533e+01,1.974622760760813733e+01,2.037138104434980690e+01,2.048803574411442341e+01,1.975063634614699737e+01,2.075914428208888296e+01,1.920060672034323446e+01,1.922480499186825753e+01,2.188886372177663375e+01,2.495477592745892892e+01,2.781495261860788304e+01,3.051410546073198660e+01,3.224417202427501650e+01,3.396336797206417657e+01,3.276267843936006585e+01,3.101710096844380260e+01,3.093906257835817541e+01,2.829024223376506342e+01,2.640343202285482249e+01,2.497146906478644368e+01,2.523155420885258238e+01,2.522574379347557993e+01,2.389184006727863974e+01,2.309736448112658280e+01,2.151854408445545985e+01,1.835170964450380282e+01,1.807928301394067105e+01,1.665878590720667773e+01,1.638788581562786106e+01,1.655759159413358361e+01,1.676701218412566163e+01,1.637832988225665432e+01,1.705254429023867502e+01,1.750861481360907135e+01,1.888842982500871770e+01,1.924532319989396001e+01,1.810941088473586902e+01,1.924346043617953939e+01,1.884519867278157790e+01,1.851608006454636524e+01,1.968737819722983673e+01,2.176543649443117090e+01,2.154136137083892777e+01,2.230115486431555638e+01,2.282577395338920212e+01,2.323677453116439295e+01,2.202312045584714539e+01,2.018816416178977491e+01,1.950248495377539726e+01,1.903282088132273486e+01,1.846148535372305588e+01,1.807753169990387931e+01,1.722214882025991756e+01,1.729131001863331463e+01,1.788175894588803772e+01,1.792925903967688939e+01,1.766099974938165929e+01,1.699207982619778079e+01,1.523171431157055267e+01,1.489328294289579979e+01,1.468934515462347967e+01,1.419820072504958475e+01,1.339754724334382274e+01,1.403017304676290244e+01,1.516817466482137000e+01,1.570972296459357942e+01,1.907671968459132117e+01,2.114458993849546431e+01,2.052675094823618451e+01,1.877004513585292145e+01,1.799187210090923372e+01,1.766194129160226112e+01,1.684824741915460677e+01,1.608920557841841870e+01,1.551164791918434460e+01,1.614084820491097361e+01,1.474213307528554928e+01,1.407778873698342714e+01,1.437282446522478097e+01,1.488284737827727433e+01,1.496824993329543574e+01,1.443637209961718426e+01,1.421281277668737353e+01,1.261135910451647746e+01,1.187971295956965712e+01,1.070204259145073422e+01
1.337428333810453118e+01,1.368420233868645042e+01,1.019724688993565564e+01,8.655542974048293203e+00,7.994357573876532008e+00,7.184646200826467322e+00,7.613131830768498531e+00,8.028250372413154423e+00,8.524164733287989293e+00,8.430538097178006396e+00,5.843105875688865858e+00,3.391605690229729575e+00,-7.728180060672039664e-01,-2.788378519666739219e+00,-3.196383321222934004e+00,-4.638159812338918719e+00,-4.643811654135758360e+00,-4.540808157408183554e+00,-2.749126449133872718e+00,-1.645120455184710950e+00,-1.232464585009240166e+00,3.730617520207782367e-01,7.321906539566211958e-01,1.278971487982703548e-01,3.104379664018018570e+00,4.344854149438293511e+00,4.900292258691462344e+00,4.008496329093825139e+00,3.946103303727596323e+00,2.763226680715302308e+00,1.383394365980778140e+00,1.091876637420297502e+00,-1.132965326732827682e+00,-1.002634116592521440e+00,4.627816261777345508e-01,1.539163516599603598e+00,2.283848992879597528e+00,2.942033355761628499e+00,2.477194375626566636e+00,2.324709196412809487e+00,2.490060644666236112e+00,3.065638088632345326e+00,4.010681078413485423e+00,4.312275286403934871e+00,4.139451269962316715e+00,2.624933789706919818e+00,1.451999976045940777e+00,9.355735938993325895e-01,9.812020119156672493e-01,1.665019543715252848e+00,2.534677361487464253e+00,3.018657524464484432e+00,4.226293943960974353e+00,4.884833216455921168e+00,5.438343646804396414e+00,6.351112186650555103e+00,7.608925519811566396e+00,7.404895964623812610e+00,6.992227833632253642e+00,5.203537770118675354e+00,5.548611679868054480e+00,5.865177268276379863e+00,7.304807893003798291e+00,7.028409129586160375e+00,6.138197896291207378e+00,6.031770527008486482e+00,5.664600475162965942e+00,5.160677883851692904e+00,4.510601645123445635e+00,4.426847077821232546e+00,4.711489667581870044e+00,4.574913029279572996e+00,5.172533810469505333e+00,5.790449321564449470e+00,7.062455128615808597e+00,7.294855319841570207e+00,7.402136845387755848e+00,6.778748049708290146e+00,7.051653612434498619e+00,5.257914891114770839e+00,3.704807336140270468e+00,2.675446147244731510e+00,5.194819004476202151e-01,1.457952687792896107e-01,-1.041026522441402119e-01,-1.270184816126491256e+00,-1.981914717271976212e+00,-2.157935033434876360e+00,-1.199080810118602125e+00,-9.781913288255987826e-01,-1.589855674993554624e+00,-1.177949444209410945e+00,-7.381781525776442976e-01,-4.379276941605383389e-01,-4.654664692261343273e-01,-1.247278761971491456e-01,-7.026866556238370309e-01,-2.681803040792702486e+00,-3.818602444481814295e+00,-4.497516871064127564e+00,-4.204476600709543099e+00,-4.743373264022454627e+00,-3.884801333561948233e+00,-2.924204733094408315e+00,-1.884941610967933778e+00,-1.142393099313641303e+00,-1.897232566828508382e+00,-2.680353558043696349e+00,-1.273320334632950246e+00,-1.743666172424373606e+00,-1.476724684853466973e+00,-2.248442782459565414e+00,-3.869397952611923763e+00,-3.927526883490807919e+00,-2.763585223640579791e+00,-6.200181167719753361e+00,-9.410076784423434759e+00,-1.224363193547353390e+01,-1.361743497847419881e+01,-1.402934668851359667e+01,-1.389459939403129596e+01,-1.385499177066045640e+01,-1.458313788849678261e+01,-1.567707914377922407e+01,-1.461495459084960302e+01,-1.363256197139912373e+01,-1.356248959539209231e+01,-1.555107663332472256e+01,-1.650027704104446258e+01,-1.676905958528062612e+01,-1.703099959739474656e+01,-1.869073690263554610e+01,-2.238459478883788023e+01,-2.318108940469280554e+01,-2.334220785699274003e+01,-2.376320802938242949e+01,-2.596652484861445842e+01,-2.467020264158386667e+01,-2.287639393175400215e+01,-2.143547158555501042e+01,-2.141067781453559249e+01,-1.968644460672864582e+01,-2.058276173492745897e+01,-2.249490699607764199e+01,-2.247782972285772018e+01,-2.317616801226753509e+01,-2.305101435390402642e+01,-1.986709457699472026e+01,-2.061759948560185407e+01,-1.945821243058108152e+01,-1.734635362399997049e+01,-1.646760638287483403e+01,-1.596895759441119722e+01,-1.609978522700052039e+01,-1.635713431405952178e+01,-1.796294716835312144e+01,-1.852381515187565242e+01,-1.914494817289047646e+01,-1.743926945983860222e+01,-1.616411526687711131e+01,-1.577472372840708026e+01,-1.525977357287233538e+01,-1.607108726364684870e+01,-1.582642401988485226e+01,-1.607120079762477971e+01,-1.751939782414461177e+01,-1.868601771680114609e+01,-1.773243351561828973e+01,-1.673557085566198310e+01,-1.665641294335734557e+01,-1.670416718719387816e+01,-1.516345661199662764e+01,-1.547552873195617806e+01,-1.569541108207371849e+01,-1.416834115702638641e+01,-1.315163296710343488e+01,-1.375942311748965885e+01,-1.270211022977935933e+01,-1.262582677137640452e+01,-1.384884482126205008e+01,-1.424153864038611417e+01,-1.363871531500643108e+01,-1.223090478084972865e+01,-1.154284799098454251e+01,-1.087778153550583937e+01,-1.042264799331439384e+01,-9.501982122777105744e+00,-9.333754971851044857e+00,-8.764648188526809491e+00,-8.763140197323515679e+00,-8.399644820840611814e+00,-7.964958773599216002e+00,-7.746375275223829071e+00,-6.879117431204442745e+00,-6.124666166103861720e+00,-5.444967103665963926e+00,-5.173318851154180997e+00,-4.061592524881232791e+00,-4.650039707687434465e+00,-4.899188051110154873e+00,-5.033064818184941558e+00,-4.703541925837572357e+00,-5.888538660041461981e+00,-5.996381286628750473e+00,-5.921131944732931807e+00,-7.991677427349682894e+00,-7.984821018924799674e+00,-6.281641178853847762e+00,-6.287660955277948105e+00,-6.847420395878100585e+00,-5.740315616794287479e+00,-5.212551332519788971e+00,-5.174776605693689469e+00,-5.094408073880856591e+00,-6.097870707679328817e+00,-3.619990396030590585e+00,-3.052389327685671283e+00,-3.153807451811572182e+00,-3.676945532668468797e+00,-3.404646786993749785e+00,-4.895800385042606173e+00,-4.869633547228865211e+00,-5.619218043628112724e+00,-6.080028405467998276e+00,-6.532245743884608657e+00,-5.562794363496311512e+00,-6.668775025531382461e+00,-6.072975814162446362e+00,-3.840357315662884297e+00,-3.278621506409331587e+00,-3.131084309232653684e+00,-3.480093745648720205e+00,-4.465716643622047677e+00,-4.774168059418297361e+00,-4.821447589631363329e+00,-6.571815856182087856e+00,-6.436008454190823791e+00,-8.148079302617388109e+00,-8.710689721025719479e+00,-8.510120854431860948e+00,-7.411905221125667076e+00,-8.618161541969620032e+00,-1.113176142332681096e+01,-1.152074308697502758e+01,-1.248346759613759183e+01,-1.245021945814696096e+01,-1.132596332909653292e+01,-1.003364564664854619e+01,-9.760350442831748907e+00,-8.949033984256105967e+00,-7.985670064745481689e+00,-7.263109147626634510e+00,-6.009063999893726304e+00,-6.171716002054461470e+00,-8.014751161638406174e+00,-8.810202995965262573e+00,-8.581469161538267443e+00,-7.068710945509030452e+00,-6.380255205729782553e+00,-5.355452920104162295e+00,-4.984146292077644702e+00,-4.723663889880524991e+00,-4.186408138524092770e+00,-3.875467706294716042e+00,-5.001460412464100891e+00,-8.355351040609351188e+00,-9.997255572460687745e+00,-9.266453075282633733e+00,-8.791691239779810374e+00,-7.280167271414848429e+00,-7.975337804163352473e+00,-7.571689322299520519e+00,-7.811696720741613476e+00,-8.514175176831230374e+00,-8.743463234801263084e+00,-8.856828676768390807e+00,-8.128617028432147507e+00,-7.706025911382271332e+00,-7.153574552623734206e+00,-6.557691858839425514e+00,-6.489588937789340761e+00,-7.108959178800113854e+00,-9.072124020882988304e+00,-9.183876850841768302e+00,-9.690409869112444952e+00,-1.148033199131306148e+01,-1.079585744001948910e+01,-1.160798442715284473e+01,-1.046049440392688545e+01,-9.407839400389368834e+00,-8.304482950559778587e+00,-7.472905315761314782e+00,-7.808763827925799816e+00,-6.530488265259727143e+00,-5.670311985497108687e+00,-5.304276659544082229e+00,-4.617150420263087973e+00,-6.470184475096992571e+00,-8.574078012466097576e+00,-8.324261814920886238e+00,-1.026748169361555263e+01
-1.681497880128082434e+00,-1.920487087354926681e+00,-1.318204825769293986e+00,-2.230266339626397532e+00,-3.485257005866731372e+00,-3.457789741293631369e+00,-2.676901957438329038e+00,-5.672870807301140239e-01,1.567342599805167325e+00,2.205257440930046720e+00,2.471418959411666005e+00,1.681372240071813851e+00,1.956392395801470174e+00,1.406407447548534639e+00,-7.092300404322575691e-01,-1.688031099351902098e+00,-2.668616798395511580e+00,-1.870537563156734473e+00,-1.840815576586887437e+00,5.927079659874434636e-01,1.472191729871695998e+00,1.701836837808266445e+00,-5.545391390476341886e-01,-1.965445735657871618e+00,-2.681933939601818917e+00,-2.954127854299767098e+00,-2.924505950381474761e+00,-1.979411975228178688e+00,-2.199980074748881353e+00,-1.511164368245902168e+00,-2.217475148875160063e+00,-3.531834831445871181e+00,-3.641855318056807622e+00,-4.277282454925780186e+00,-4.198242343166387336e+00,-3.803922266988681855e+00,-2.220961593091657083e+00,-2.016830263686348879e+00,-1.187070045340719027e+00,2.313279403946741641e-01,8.942479702351732174e-01,1.920373943520256477e+00,2.105852889161238917e+00,2.044919443970092843e+00,2.157375359007734084e-01,-1.759301242976978763e+00,-2.681729759038883554e+00,-2.814356524908482093e+00,-3.519510536898555753e+00,-4.415751267180816342e+00,-4.356047120970942821e+00,-3.528289095268911435e+00,-3.396469534735094609e+00,-3.781040138347290025e+00,-4.600136671626077423e+00,-3.419062365654736979e+00,-5.253458226944972331e+00,-4.182012338260326700e+00,-2.125972542016254074e+00,-2.864662623228759308e+00,-2.901471210207327012e+00,-3.890701865684574656e+00,-3.372584760082422140e+00,-3.744871563893246602e+00,-2.333581252546509610e+00,-1.713632571706124486e+00,-3.970653473157435442e+00,-6.938618562649553567e+00,-6.144084533702611317e+00,-7.207678929898168718e+00,-6.750276574220350767e+00,-7.086619213625207081e+00,-6.272015088735693134e+00,-5.719850319129982985e+00,-5.736832591542129656e+00,-6.156389784689130451e+00,-5.784433701209002798e+00,-5.310165098852626109e+00,-5.881613925565666534e+00,-5.993452583356353003e+00,-6.657313263437989903e+00,-8.473625576155622952e+00,-1.010100740067267466e+01,-9.155525539878253127e+00,-9.772291188536591733e+00,-9.215333161531205519e+00,-6.814510263760126918e+00,-6.256429363006128064e+00,-5.750359190966898737e+00,-2.263109439186799410e+00,-1.306927557251312377e+00,-2.058940199299446328e-01,2.405966669586210749e+00,4.486825173721609161e+00,3.655159577253963121e+00,3.164615387490682163e+00,1.106073733300956041e+00,2.713666674916995536e+00,3.396181292190487255e+00,3.649002853023179949e+00,4.091044712358023361e+00,4.822788760451372170e+00,5.437396370519842037e+00,5.840394710679630563e+00,4.213645921900764257e+00,2.265596573254698320e+00,4.389629343930675276e+00,3.255651001766479258e+00,3.612348227702233849e+00,5.353651856882907900e+00,5.488675951747527648e+00,3.335019520263638348e+00,1.767030809633731936e+00,-7.615643444636124304e-01,-3.617837669848271265e+00,-4.994185243324634094e+00,-4.823569390988321715e+00,-3.945364923483565267e+00,-2.878013713956425690e+00,-2.993022027600699353e+00,-1.942413221014604785e+00,-2.803598527421224063e+00,-3.670670056156505545e+00,-7.037835209596249086e+00,-5.619975182571021577e+00,-4.525135370516879973e+00,-4.320909159060789761e+00,-3.444846233042245132e+00,-5.059962589100689634e+00,-6.838561284009331942e+00,-6.207914348042108621e+00,-5.344015513440603549e+00,-4.262275062304635043e+00,-3.952140089466395612e+00,-4.171257440215580203e+00,-3.503167943090156111e+00,-3.381550332493778566e+00,-2.887701925195752306e+00,-1.635139382671470409e+00,-2.694127884492258485e+00,-2.220561064327176037e+00,-2.095796002039167494e+00,-1.816581918232662574e+00,-2.554747765582477292e+00,-1.902777649354347345e+00,-1.791996780777010967e+00,-1.821180948706612845e+00,-3.116848080923838804e+00,-4.099568343093404010e+00,-2.618325025158557917e+00,-2.060037561170816378e+00,-2.533628661561865503e+00,-2.360619411080172814e+00,-2.400189696367394099e+00,6.731717860359054395e-02,-7.701942214436125790e-03,-7.822008845826778911e-01,-1.431330613137663965e+00,-2.240065685524639694e+00,-2.583518229967146862e+00,-3.252276587572862088e+00,-3.485676967565903173e+00,-3.606743852136013118e+00,-4.317669953845800102e+00,-5.508204691213118842e+00,-4.591264553711364549e+00,-4.314615979937721058e+00,-4.418303629576433522e+00,-5.667022343620140568e+00,-6.500106940947291356e+00,-6.090987029273902564e+00,-5.802785694468727051e+00,-6.097574833399034944e+00,-6.205862429711420880e+00,-6.596083152153050300e+00,-6.039191314651221276e+00,-5.029848977955567513e+00,-3.939421336997436907e+00,-3.068564765669959282e+00,-2.170555502435929984e+00,-2.502265535698175558e+00,-2.186077056322383250e+00,-1.599445249008321301e+00,-2.983498684841174420e+00,-4.323744308711232165e+00,-5.966124046164812178e+00,-4.747270553634776569e+00,-3.037350430914965926e+00,-2.651187272109004400e+00,-1.762560864596660615e+00,-8.914229239492893475e-01,-1.672633321013359708e+00,-1.992836777139962656e+00,-2.240617054621803772e-01,5.034057486668055414e-01,2.402243023596778659e+00,2.663454934616361403e+00,2.846664113257691753e+00,2.832994923720050018e+00,2.869035983933729383e+00,3.012877900248563279e+00,3.443396407385403091e+00,3.799603905632600309e+00,3.726963281494972247e+00,3.674841222362790205e+00,4.448619553761395728e+00,4.349913553791605381e+00,3.664676519997054793e+00,4.250593813177992786e+00,3.297318319848841828e+00,3.615780019817897095e+00,2.794806754709044938e+00,3.329271877295423288e+00,3.851934494619822846e+00,5.519931400969682933e+00,6.424142902584298653e+00,5.927693473897266863e+00,3.100475624377294626e+00,2.217518921176533819e+00,1.936692969144213627e+00,4.141293441458141267e+00,5.551723481115864445e+00,4.317515192898488507e+00,2.631562140884185386e+00,2.603277701429542290e+00,1.300651489773168024e+00,-9.762732335723655064e-01,-4.244203098439816912e+00,-7.691036480679979803e+00,-8.446040573286303754e+00,-1.048607859599850833e+01,-1.177899454274013813e+01,-9.862228221876158329e+00,-9.304282624993341244e+00,-1.058286375918078903e+01,-1.264383561795936473e+01,-1.154595303202076906e+01,-1.295626874810946028e+01,-1.471193847684791400e+01,-1.562929982116962080e+01,-1.582290181124938222e+01,-1.728435767730239547e+01,-2.075057489621449847e+01,-2.331244507113589748e+01,-2.720403183512850376e+01,-2.649375507530096741e+01,-2.607258270924880250e+01,-2.344190005359807927e+01,-2.386585311872932280e+01,-2.472007668299031025e+01,-2.283711991824901943e+01,-2.266198272854288831e+01,-2.253193205358378393e+01,-2.248917978645590665e+01,-2.510796322608613806e+01,-2.777352206192708550e+01,-3.034624136278536355e+01,-3.184572299131052375e+01,-3.616165981051619838e+01,-3.713379723745016747e+01,-3.812145843988695049e+01,-3.793527648108783978e+01,-3.552527842059714658e+01,-3.523175995471726196e+01,-3.431714151479930308e+01,-3.118907071080039017e+01,-2.955104255547070480e+01,-3.037074907870692542e+01,-2.991860781451913098e+01,-2.861846485939056706e+01,-2.806384115409095514e+01,-2.849744260107985383e+01,-2.904718885516006210e+01,-2.849292051846070706e+01,-2.841641492561607407e+01,-2.839102296766540690e+01,-2.708766582619807650e+01,-2.561426540523231665e+01,-2.324080547822676479e+01,-2.260198041758047083e+01,-2.169877992500265762e+01,-2.190425731173133528e+01,-2.087978299240042901e+01,-1.833258952814616904e+01,-1.805960218926454885e+01,-2.076154666150380379e+01,-2.043001404795679932e+01,-2.316295180742993054e+01,-2.519691863303040336e+01,-2.657662148131620583e+01,-2.834356498239453970e+01,-2.958278066140411156e+01,-3.052111452791272228e+01,-3.110709118168868415e+01,-3.335597323419395366e+01,-3.262720292534478972e+01,-3.012507500011977513e+01,-2.865172200415693382e+01,-2.707569173675900487e+01,-2.667984878559671813e+01,-2.523564033654221106e+01
3.433040081689917145e+00,6.855005959981762542e-01,-1.008381891128299568e+00,-2.298854278141683416e+00,-4.453935810529864092e+00,-4.786861998613275659e+00,-6.883226115989505622e+00,-6.583184586869370136e+00,-8.765289160371478872e+00,-9.299000460038445937e+00,-1.022442986279685684e+01,-1.018212551692258216e+01,-9.561781289138595596e+00,-8.402785877659695757e+00,-7.857396706993031721e+00,-7.495791839971285953e+00,-7.823561024158319555e+00,-7.892664760096772980e+00,-8.071870804253396869e+00,-8.736018819813118341e+00,-7.885039159647459606e+00,-6.944623085536217211e+00,-6.567460617892724173e+00,-6.638954074124804094e+00,-7.036819464527020784e+00,-6.961056247017949339e+00,-5.839407027172089037e+00,-7.151038858617700278e+00,-8.476338352644669172e+00,-7.474004257598238610e+00,-5.104856715667841272e+00,-5.480718678623748730e+00,-6.071873474637834889e+00,-7.477520908836765123e+00,-9.058630969378450359e+00,-9.472925740772900838e+00,-1.004076416042642883e+01,-1.081102723503006935e+01,-1.111194355497656794e+01,-1.043053089569131231e+01,-9.465735956085952196e+00,-8.637941685483868426e+00,-8.728050811867460013e+00,-8.113275925484556339e+00,-8.361200268005781311e+00,-9.624017502546957203e+00,-1.187640942900837082e+01,-1.247735671039708905e+01,-1.062174808723840691e+01,-1.087404061038767011e+01,-1.048144215330595053e+01,-1.010166573539657620e+01,-9.983605140077912665e+00,-1.346406966272703087e+01,-1.328733473371174689e+01,-1.479046201737649113e+01,-1.384906694228568114e+01,-1.337932205258936769e+01,-1.372964610411913178e+01,-1.471961130835502196e+01,-1.561286849428266521e+01,-1.435064147114567490e+01,-1.363786366240005066e+01,-1.403492295278139501e+01,-1.360805641913081487e+01,-1.418766695624360352e+01,-1.403156977620797541e+01,-1.308390792132095903e+01,-1.274272291185544681e+01,-1.149557116893761766e+01,-1.104048712190441606e+01,-9.969911933057625575e+00,-1.031724925157484662e+01,-1.073304537845856999e+01,-9.614851080962187879e+00,-9.097402473260011391e+00,-9.879387873532582631e+00,-8.776152136551838012e+00,-6.443763693205520227e+00,-6.425394271789476086e+00,-6.491319970245843507e+00,-6.434147787138831731e+00,-6.844724796593845362e+00,-6.498755100633928805e+00,-7.549498183469783186e+00,-7.791203893701863059e+00,-7.810696726704908777e+00,-1.095923615705159726e+01,-1.185901045242614771e+01,-1.267039471454549648e+01,-1.243841967722972974e+01,-1.217759757765364448e+01,-1.226657671201368416e+01,-1.150754726988973786e+01,-1.115669356952188629e+01,-1.202855941882830848e+01,-1.152395364528056376e+01,-1.096191727133935956e+01,-1.040626887730910610e+01,-1.114112712611177258e+01,-1.400480867642277438e+01,-1.433835318264969949e+01,-1.498568683047937178e+01,-1.581704368851891296e+01,-1.811990022703891157e+01,-1.686287977286377426e+01,-1.522615099249256687e+01,-1.469792051515630682e+01,-1.399684570874218359e+01,-1.126823766109501790e+01,-1.041511070294752805e+01,-8.851666894515560102e+00,-7.381514656859727630e+00,-7.548226744483070405e+00,-1.168121673379520331e+01,-1.174205727260035026e+01,-1.218087670162645075e+01,-1.081386609496324347e+01,-1.035497916593557299e+01,-9.644773677221376573e+00,-8.800272199886419955e+00,-8.956091508978474280e+00,-9.667266950558563110e+00,-8.937719352344570822e+00,-9.154086742982892488e+00,-1.267789962384009606e+01,-1.178984165929284700e+01,-1.108603438300542088e+01,-8.918061843131900090e+00,-9.179012350435387546e+00,-9.070245254947677083e+00,-8.990014828284222048e+00,-8.486854344096897762e+00,-1.027668035952243564e+01,-1.179454932082055230e+01,-1.534351479710074528e+01,-1.544267058367730705e+01,-1.463077763075847493e+01,-1.452699368713452266e+01,-1.315820978275052866e+01,-1.201953202755645478e+01,-1.135113809004614716e+01,-1.107324910297088749e+01,-9.745193272620026548e+00,-9.889497597026446485e+00,-1.210869190021475461e+01,-1.142904977040354275e+01,-9.503296790671274863e+00,-9.459082813522256217e+00,-9.501622950189648975e+00,-9.753976353729969517e+00,-8.479197263959836306e+00,-7.863353165544664236e+00,-7.865340879873915725e+00,-1.011540670556710353e+01,-1.010559489219978602e+01,-9.183198390905841890e+00,-8.385579991458671500e+00,-8.469381182588454848e+00,-9.302466082693895189e+00,-9.806853818815531199e+00,-7.253503098337289678e+00,-7.782427212908094027e+00,-6.454347918297124842e+00,-7.327313020201543736e+00,-6.895045545318211566e+00,-7.473833556409012147e+00,-1.049086617858987758e+01,-9.319390316141939579e+00,-9.835745047658633666e+00,-8.923802000533049394e+00,-8.849745655722676574e+00,-7.946609727841177140e+00,-7.210593329460652789e+00,-7.435427518468795682e+00,-9.147325859836531237e+00,-1.007202442863605008e+01,-9.359484301897509795e+00,-8.427645371828495158e+00,-8.853278236067222196e+00,-9.598812313378449090e+00,-9.970707100243190624e+00,-1.106459620342163852e+01,-1.106221494285722251e+01,-1.108235711432602955e+01,-1.157344640189074170e+01,-9.791039812458523173e+00,-8.563488680110062035e+00,-9.173170594621444351e+00,-1.041465421514564227e+01,-1.038965350704694046e+01,-8.897793861058467257e+00,-7.711051340594350378e+00,-7.206553217705431003e+00,-5.534856216657372485e+00,-5.080724019697414384e+00,-5.117344179160917328e+00,-4.189598716045273008e+00,-3.167101910394927167e+00,-2.324107497679097634e+00,-1.403331032961526059e+00,-5.640120200409689533e-01,-2.440101994679121145e+00,-2.855736376726173642e+00,-2.470270006315987921e+00,-3.675005952549530885e+00,-6.049858245753210184e+00,-7.365368202318327562e+00,-8.859471189434273697e+00,-9.662521120244809580e+00,-8.792528827464915153e+00,-8.204205464542720705e+00,-7.413216806582690666e+00,-6.722093274663475171e+00,-6.488209396013940200e+00,-8.093552790370869943e+00,-9.536486375441031171e+00,-1.148783677630436983e+01,-1.053061232264420966e+01,-1.047908879517536995e+01,-9.872944231829338335e+00,-9.129438987032154174e+00,-8.692120224427007713e+00,-8.096020948942202367e+00,-8.170697666742370302e+00,-1.000529884770833533e+01,-1.116088696688163395e+01,-1.283463778981717240e+01,-1.525991890124145201e+01,-1.538968400814605175e+01,-1.533365802094007435e+01,-1.633427421823967407e+01,-1.530382710691370818e+01,-1.548274415480363508e+01,-1.537594481978350736e+01,-1.684490715388539783e+01,-1.766388335965078227e+01,-1.828471220306044032e+01,-1.719731603235484485e+01,-1.677528842688892752e+01,-1.896155972742989348e+01,-2.004442278108371056e+01,-1.934274783364744721e+01,-2.044020099568758297e+01,-2.144883590157886388e+01,-2.242839866738529508e+01,-2.278376125814040165e+01,-2.266659927590413659e+01,-2.300634258518817887e+01,-2.263944841318372525e+01,-2.156830757089467809e+01,-2.103117044960165316e+01,-1.995374047319738864e+01,-2.112968241668698610e+01,-2.006701176754900118e+01,-1.905822455697829554e+01,-2.037158917657411550e+01,-2.143593110304291116e+01,-2.157933961531671230e+01,-2.100147448687148000e+01,-2.010200453264682707e+01,-2.038268269856408565e+01,-2.072052671826926940e+01,-2.189555700671585470e+01,-2.398214725557413018e+01,-2.421040340004704206e+01,-2.281324638571437546e+01,-2.099240693416097159e+01,-2.128630632806002154e+01,-2.160762793742202348e+01,-1.994802483172768959e+01,-1.947230490494789379e+01,-2.107007957562563760e+01,-2.058940246267138718e+01,-2.009390856357699207e+01,-2.009587628842596629e+01,-2.215307456788337959e+01,-2.143906591643843740e+01,-2.155310703129581285e+01,-2.159650397753654261e+01,-2.167925055482665542e+01,-2.414130753650323413e+01,-2.566339075318004248e+01,-2.582259098092348992e+01,-2.472125793301349717e+01,-2.397433775235435860e+01,-2.406520272847042108e+01,-2.325654487596565900e+01,-2.313940475785984319e+01,-2.086419110504570185e+01,-1.977784953978867222e+01,-1.920129758050876845e+01,-1.873500884918733789e+01,-1.869510547380965093e+01,-1.840646568638406322e+01,-1.828787494990029217e+01,-1.847096758367818836e+01,-1.829773832228334030e+01,-1.736109835221115105e+01,-1.654938074012079596e+01,-1.654594464868252857e+01
-1.142554630534954718e+01,-1.002339403771880377e+01,-1.111253534459940262e+01,-9.914746775546495527e+00,-1.037526179746250499e+01,-1.058597594531184605e+01,-9.667643346307032814e+00,-1.099117361468669785e+01,-1.249667203308510643e+01,-1.259637786062388010e+01,-1.177114524018279873e+01,-1.136633984841186518e+01,-1.192755113158512614e+01,-1.164346043169597245e+01,-1.241513773447273472e+01,-1.385955705668081173e+01,-1.476189700931421989e+01,-1.580104848031440135e+01,-1.716177543755432922e+01,-1.845921467719152176e+01,-1.811929280518291208e+01,-1.904159571997386280e+01,-1.981622470841681505e+01,-2.058149732056813619e+01,-1.897441595191641994e+01,-1.866825719738092459e+01,-1.947261581728283630e+01,-1.875230080554955236e+01,-1.842395431174340814e+01,-1.767289593316191443e+01,-1.654847647865929616e+01,-1.559645548446614072e+01,-1.561931887528715990e+01,-1.605092740759887704e+01,-1.686616979285423312e+01,-1.709543365573361129e+01,-1.584901107270583864e+01,-1.541559180578464883e+01,-1.557065110563821619e+01,-1.517709376705676405e+01,-1.457676678653141522e+01,-1.397298026404722471e+01,-1.352581884211758734e+01,-1.213429570305604521e+01,-1.117154129157105835e+01,-1.114300041140744568e+01,-1.049444649713423594e+01,-9.798454034236160126e+00,-8.352148384330238429e+00,-7.766062273191912446e+00,-7.121940170766879241e+00,-7.473622511782157751e+00,-6.556426823134440696e+00,-6.110616357659882425e+00,-6.360252344113226819e+00,-5.621554412395840750e+00,-5.361115438698451641e+00,-7.101650478386983600e+00,-8.348392697842106358e+00,-7.826094806508471891e+00,-6.563651120279894613e+00,-5.961085567608106928e+00,-5.803498895179846961e+00,-5.388861293794223961e+00,-4.472073150684400922e+00,-4.105123349085905815e+00,-3.923893740188131307e+00,-3.589034659787730952e+00,-3.582183922479544869e+00,-3.348235871715966816e+00,-2.247805320481433888e+00,-3.146373907234218059e+00,-4.446979166162073227e+00,-6.530086039096011596e+00,-8.250431808140234580e+00,-1.054739568863778132e+01,-1.020985462835509594e+01,-9.932181555137471918e+00,-9.684836880777545787e+00,-9.092136285519856642e+00,-8.362811459455731011e+00,-7.119640699810738660e+00,-4.433492504529351841e+00,-2.958856669823606733e+00,-2.550290784966358526e+00,-1.797858116120014449e+00,-2.160531630728811603e+00,-2.616456846625661914e+00,-1.877487606074045967e+00,-1.872266449138170641e+00,-2.029178893313514642e+00,-5.511408264616046715e-01,-1.484968041788027548e+00,-3.069643597588878503e+00,-1.931378192110523306e+00,-1.741261368529274822e+00,-2.442956125153780356e+00,-6.456588329780954538e+00,-7.343605980638411523e+00,-7.048376990244570983e+00,-6.467353859110798631e+00,-5.898947759201083052e+00,-4.683142261593110867e+00,-4.367990862115898487e+00,-3.487119895203650177e+00,-2.181356106326762578e+00,-3.105551816523871800e+00,-3.225813229834773477e+00,-3.098506536531916655e+00,-4.225527075501872787e+00,-4.435467998985442861e+00,-3.276195519144444734e+00,-2.460890767727767603e+00,-1.818797535614865346e+00,-7.739900346357101446e-01,-9.034277189973972666e-01,5.437877280617680054e-01,1.186967599801054707e+00,3.243303135163041695e+00,5.134239476769300481e+00,6.599127028445527898e+00,3.048154688583115668e+00,8.621159071070330082e-01,1.249356343353774879e+00,2.463180706859367852e+00,2.597563795511156126e+00,2.867181509779685555e+00,4.834338637231510027e+00,6.777290428414115553e+00,9.660896679375232665e+00,1.511784928954834406e+01,1.725883843266369766e+01,1.731837512232227283e+01,1.682638631971579812e+01,1.625638604036356583e+01,1.559406275780216333e+01,1.478312398037652287e+01,1.613271304044449295e+01,1.697370333459734226e+01,1.763424845534610697e+01,1.794913682976711300e+01,1.862778971603790623e+01,1.913429504393347003e+01,2.031498997267195961e+01,1.928312199088956191e+01,1.975893051431969383e+01,1.948488666303819983e+01,1.631641799799778170e+01,1.370215359327762883e+01,1.184024453720286907e+01,9.571791858588687418e+00,5.910330941664060589e+00,6.113683486466071848e+00,8.691236711307549712e+00,1.040029679014100417e+01,1.116189666683103887e+01,1.456668890011325956e+01,1.478082653881879693e+01,1.382611179187671802e+01,1.495697356842726045e+01,1.632970774853516360e+01,1.577239674062888852e+01,1.525342763371872756e+01,1.543330742055481331e+01,1.438900489823071638e+01,1.357782803534188076e+01,1.223751692130054103e+01,1.176288207702766719e+01,1.001246446819978431e+01,7.008186738876669430e+00,3.434601860437370924e+00,5.887902275208869440e-01,-5.993727761499846318e-01,-3.705989933472073061e-02,3.026906621295624711e-01,-1.227301934379576132e+00,-5.575467973203127592e-01,8.722445686605150295e-01,1.928877145900665946e+00,2.557476238642100164e+00,3.984578764848334842e+00,4.774530967171536133e+00,4.002837731518903652e+00,3.009076051517054928e+00,3.052614438082563719e+00,2.871279730961981969e+00,1.392659607278925016e+00,1.274765165213805673e+00,2.331921277870280917e+00,2.739821742264684001e+00,2.855255880313881001e+00,3.546014065253304981e+00,6.562305035966050637e-01,-9.292701780934180256e-02,-1.408154224357457851e+00,-2.359466444341269842e+00,-2.802716299057807170e+00,-2.439074396164711001e+00,-4.155764167383575902e+00,-5.374625131005793754e+00,-5.533743084592384953e+00,-5.619753112094951319e+00,-4.675049161967488764e+00,-4.710163397934626239e+00,-4.044058849100959918e+00,-3.796638066599190786e+00,-4.099587231848038194e+00,-6.075552045366636733e+00,-5.477890731410883340e+00,-5.491447248717166829e+00,-4.117875763346761531e+00,-3.980320037177075942e+00,-2.943604728278057081e+00,-2.723330147211638685e+00,-2.457670531020289317e+00,-3.144302230724437930e+00,-3.308404017790633755e+00,-3.679591300376895635e+00,-4.239687881248512369e+00,-5.243801641871539410e+00,-6.444957100786579574e+00,-7.293679937598864349e+00,-8.221558699945809678e+00,-1.135299332031711828e+01,-1.115052346012580564e+01,-1.029367001666449077e+01,-1.007450488160647595e+01,-1.015001651720505116e+01,-1.063529465055948720e+01,-9.677993324047122314e+00,-9.880406605971824519e+00,-9.048158707860569194e+00,-8.971169821028473379e+00,-8.131716039221837278e+00,-9.585964845888859998e+00,-1.153410481196058335e+01,-1.448859697227379506e+01,-1.377291614635973893e+01,-1.251993789109522481e+01,-1.076200250795934110e+01,-9.660506271481871465e+00,-8.456692871959388569e+00,-9.444907854068391728e+00,-9.271084595195668854e+00,-9.544240798172420881e+00,-1.203840342796283736e+01,-1.261640403059001336e+01,-1.568122868975555484e+01,-1.732462956798774911e+01,-1.866501541893174121e+01,-1.922239729426742016e+01,-1.907126274348853912e+01,-1.833816873734588881e+01,-1.890266396620731726e+01,-1.704813146772728061e+01,-1.555906143737846570e+01,-1.542505165228049790e+01,-1.765782783953033785e+01,-1.738571087689377492e+01,-1.658036988183980398e+01,-1.640775433918454240e+01,-1.684460833642105726e+01,-1.933321364278488019e+01,-2.002287716212781987e+01,-2.025545379527405387e+01,-2.360156468854697209e+01,-2.824132356298919078e+01,-2.700217680242279172e+01,-2.575797972088298238e+01,-2.610788150405531738e+01,-2.626095464924768308e+01,-2.517163706253016997e+01,-2.574015786442738474e+01,-2.529889784035552225e+01,-2.401847715202053024e+01,-2.138221379605987593e+01,-1.790754500940238003e+01,-1.989495595723078125e+01,-2.168890977385338203e+01,-2.317952094410463459e+01,-2.235327164174153936e+01,-2.097447927338723517e+01,-1.928596619012760272e+01,-1.850202003520656291e+01,-2.437916501889816701e+01,-2.623900164810980229e+01,-2.536492368987116208e+01,-2.359675480648511225e+01,-2.353142191281442663e+01,-2.351379605141533702e+01,-2.351238135363946924e+01,-2.227016097721834598e+01,-2.335770775048660042e+01,-2.266949105411299925e+01,-2.148786668860417493e+01,-2.083044405734167981e+01,-2.471455754782352088e+01,-2.327974118046249075e+01,-2.192777590329250970e+01,-2.001609815381198132e+01,-2.187062929354300778e+01
